0.116314
-0.000367
0.002926
-0.022934
0.179605
-1.406551
4.826396
-4.287593
4.839262
-4.259662
4.872822
-4.216808
4.914772
-4.165769
4.963426
-4.107024
1.920469
-4.673565
4.478607
-4.653416
4.484813
-4.658184
4.475603
-4.668903
4.462030
-4.682159
4.445934
-4.697508
4.427418
-4.715097
4.406221
-4.735221
4.381974
-4.758237
4.354242
-4.784560
4.322525
-4.814665
4.286250
-4.849095
4.244762
-4.888472
4.197313
-4.933507
4.143046
-4.852026
4.120303
-1.978773
4.658189
-4.496959
4.636014
-4.505712
4.638317
-4.499496
4.646191
-4.489358
4.656188
-4.477192
4.667808
-4.463170
4.681133
-4.447112
4.696379
-4.428742
4.713816
-4.407732
4.733759
-4.383703
4.756568
-4.356221
4.782653
-4.324790
4.812486
-4.288842
4.846606
-4.247729
4.885627
-4.200708
4.930256
-4.146931
4.580368
-4.203977
4.039153
-4.352232
4.850154
-4.239170
3.867315
-4.412883
4.778106
-4.325548
4.877283
-4.208670
1.764791
-4.709452
4.437062
-4.691863
4.438844
-4.701660
4.423316
-4.718530
4.402284
-4.738895
4.377612
-4.762390
4.349278
-4.789298
4.316851
-4.820080
4.279760
-4.855286
4.237338
-4.895550
4.188820
-4.941599
4.133330
-4.994265
4.069867
-2.227494
4.607323
-4.556119
4.581066
-4.571478
4.576088
-4.574364
4.574374
-4.575851
4.572833
-4.577603
4.570766
-4.580078
4.567788
-4.583667
4.563461
-4.588886
4.557168
-4.596474
4.548017
-4.607508
4.534713
-4.623547
4.515375
-4.646861
4.487267
-4.680747
4.446416
-4.729994
4.387045
-4.801565
4.300763
-4.905575
4.175373
-4.972694
4.095276
-1.424672
4.714918
-4.432963
4.694217
-4.436478
4.703614
-4.421038
4.720626
-4.399759
4.741267
-4.374741
4.765099
-4.345998
4.792397
-4.313101
4.823625
-4.275471
4.859341
-4.232434
4.900189
-4.183213
4.946906
-4.126918
3.962855
-4.369315
4.829212
-4.264600
4.950440
-4.120647
0.801652
-4.773923
4.367243
-4.753277
4.366320
-4.769565
4.341716
-4.795754
4.309213
-4.827136
4.271219
-4.863298
4.227610
-4.904707
4.177705
-4.952076
4.120624
-4.436744
4.223750
-5.000539
4.059333
-0.027601
4.828004
-4.308529
4.805092
-4.305207
4.826917
-4.272915
4.860981
-4.230727
4.901662
-4.181490
4.948515
-4.124990
4.112876
-4.323298
4.883716
-4.199317
3.464489
-4.508589
4.665373
-4.460290
4.715344
-4.403685
4.782047
-4.323942
4.877892
-4.208519
2.052549
-4.669219
4.483250
-4.649326
4.489615
-4.653673
4.481007
-4.663776
4.468196
-4.676302
4.452985
-4.690811
4.435482
-4.707439
4.415443
-4.726463
4.392522
-4.748221
4.366306
-4.773105
4.336322
-4.801564
4.302030
-4.834113
4.262811
-4.871337
4.217955
-4.913911
4.166654
-4.962601
4.107982
-3.503388
4.488853
-4.688273
4.433059
-4.748031
4.364322
-4.829500
4.266717
-4.946901
4.125295
-0.572885
4.789474
-4.350510
4.767972
-4.349042
4.785783
-4.322292
4.814188
-4.287060
4.848195
-4.245891
4.887376
-4.198642
4.932241
-4.144573
4.983562
-4.082729
1.838546
-4.660114
4.495625
-4.636682
4.505098
-4.638791
4.498962
-4.646678
4.488778
-4.656734
4.476535
-4.668431
4.462419
-4.681845
4.446254
-4.697193
4.427761
-4.714747
4.406610
-4.734824
4.382420
-4.757786
4.354754
-4.784046
4.323111
-4.814079
4.286923
-4.848428
4.245534
-4.887711
4.198197
-4.932639
4.144059
-3.525609
4.513386
-4.658313
4.469397
-4.704091
4.417397
-4.765431
4.344037
-4.853616
4.237835
-3.021912
4.594769
-4.564755
4.576878
-4.575353
4.572275
-4.578824
4.568997
-4.582394
4.564859
-4.587314
4.558956
-4.594421
4.550392
-4.604745
4.537944
-4.619753
4.519849
-4.641568
4.493547
-4.673278
4.455319
-4.719364
4.399758
-4.786341
4.319012
-4.883679
4.201667
-2.110289
4.705797
-4.438122
4.692968
-4.436919
4.703922
-4.420532
4.721302
-4.398987
4.742098
-4.373817
4.766054
-4.344931
4.793486
-4.311874
4.824865
-4.274064
4.860753
-4.230820
4.901798
-4.181362
4.948740
-4.124796
5.002427
-4.060103
3.038507
-4.512758
4.663413
-4.461317
4.714645
-4.404316
4.781352
-4.324776
4.876864
-4.209793
4.959160
-4.059439
0.416758
-4.774485
4.369925
-4.748568
4.372606
-4.763168
4.349494
-4.788249
4.318222
-4.818521
4.281546
-4.853442
4.239428
-4.893438
4.191225
-4.939191
4.136090
-3.283438
4.556193
-4.608624
4.528407
-4.633372
4.502429
-4.663064
4.467344
-4.705060
4.416846
-4.765881
4.343546
-4.854233
4.237037
-3.240277
4.574519
-4.587387
4.553626
-4.603135
4.538806
-4.619247
4.520148
-4.641416
4.493563
-4.673408
4.455020
-4.719862
4.399019
-4.787370
4.317635
-4.885476
4.199361
-1.418545
4.764767
-4.372985
4.751330
-4.367810
4.768942
-4.342481
4.795333
-4.309903
4.826698
-4.271963
4.862793
-4.228442
4.904117
-4.178644
4.951385
-4.121685
5.005447
-4.056541
3.137799
-4.498970
4.679169
-4.442735
4.736848
-4.377661
4.813413
-4.286182
4.923339
-4.153812
3.006964
-4.527617
4.646189
-4.481827
4.689985
-4.434064
4.745439
-4.368140
4.824515
-4.272981
4.939153
-4.134811
1.850759
-4.659726
4.496287
-4.635813
4.506099
-4.637723
4.500155
-4.645448
4.490157
-4.655332
4.478119
-4.666834
4.464237
-4.680025
4.448339
-4.695119
4.430152
-4.712383
4.409350
-4.732128
4.385559
-4.754709
4.358350
-4.780535
4.327231
-4.810071
4.291640
-4.843852
4.250935
-4.882485
4.204381
-4.926670
4.151137
-4.321546
4.284126
-4.929537
4.144635
-1.617489
4.711105
-4.436269
4.691979
-4.439005
4.701451
-4.423693
4.718222
-4.402748
4.738526
-4.378145
4.761959
-4.349884
4.788799
-4.317540
4.819503
-4.280543
4.854620
-4.238229
4.894782
-4.189834
4.940715
-4.134485
4.993248
-4.071183
1.462640
-4.689190
4.463658
-4.665032
4.471431
-4.670292
4.460994
-4.682538
4.445462
-4.697722
4.427020
-4.715310
4.405800
-4.735467
4.381506
-4.758529
4.353717
-4.784905
4.321934
-4.815071
4.285584
-4.849572
4.244010
-4.889030
4.196463
-4.934157
4.142083
-3.311564
4.558736
-4.605344
4.532413
-4.628558
4.508187
-4.656181
4.475578
-4.695200
4.428665
-4.751702
4.360571
-4.833778
4.261626
-4.266230
4.320941
-4.886045
4.196631
-1.483852
4.748329
-4.392547
4.732927
-4.389960
4.747969
-4.367773
4.771358
-4.338820
4.799279
-4.305033
4.831433
-4.266263
4.868248
-4.221897
4.910361
-4.171152
4.958526
-4.113114
5.013612
-4.046735
1.875024
-4.623340
4.539745
-4.594629
4.555554
-4.590710
4.556677
-4.591703
4.554799
-4.593876
4.552054
-4.596556
4.548802
-4.599659
4.545062
-4.603214
4.540779
-4.607281
4.535880
-4.611933
4.530277
-4.617253
4.523869
-4.623337
4.516540
-4.630295
4.508157
-4.638252
4.498570
-4.647353
4.487606
-4.657761
4.475065
-4.669665
4.460723
-4.683279
4.444320
-4.698849
4.425559
-4.716655
4.404103
-4.737020
4.379564
-4.760312
4.351498
-4.786949
4.319400
-4.817414
4.282689
-4.852256
4.240704
-4.892105
4.192685
-4.303878
4.325181
-4.879950
4.204468
-2.349270
4.681736
-4.465359
4.668294
-4.466403
4.676235
-4.453940
4.689731
-4.437132
4.706002
-4.417426
4.724768
-4.394798
4.746261
-4.368900
4.770846
-4.339278
4.798965
-4.305398
4.831124
-4.266649
4.867903
-4.222332
4.909967
-4.171647
4.958074
-4.113679
5.013093
-4.047381
1.986504
-4.612141
4.552304
-4.583241
4.569077
-4.577956
4.571988
-4.577170
4.572282
-4.577265
4.572046
-4.577563
4.571666
-4.577938
4.571212
-4.578374
4.570688
-4.578874
4.570088
-4.579446
4.569402
-4.580099
4.568617
-4.580847
4.567719
-4.581701
4.566691
-4.582679
4.565516
-4.583796
4.564172
-4.585074
4.562635
-4.586535
4.560876
-4.588206
4.558865
-4.590117
4.556565
-4.592303
4.553934
-4.594802
4.550925
-4.597660
4.547483
-4.600929
4.543547
-4.604667
4.539045
-4.608942
4.533895
-4.613831
4.528006
-4.619422
4.521271
-4.625817
4.513567
-4.633130
4.504757
-4.641494
4.494680
-4.651060
4.483156
-4.661999
4.469975
-4.674511
4.454901
-4.688820
4.437660
-4.705185
4.417942
-4.723900
4.395390
-4.745305
4.369598
-4.769786
4.340099
-4.797783
4.306362
-4.829804
4.267777
-4.866425
4.223647
-4.908308
4.173177
-2.941201
4.626165
-4.526944
4.612987
-4.531982
4.614545
-4.528043
4.619476
-4.521715
4.625711
-4.514133
4.632955
-4.505397
4.641260
-4.495392
4.650761
-4.483947
4.661629
-4.470857
4.674057
-4.455886
4.688271
-4.438762
4.704527
-4.419179
4.723119
-4.396780
4.744381
-4.371163
4.768698
-4.341865
4.796508
-4.308357
4.828314
-4.270034
4.864690
-4.226204
4.906291
-4.176075
4.953871
-4.118743
5.008286
-4.053173
1.484320
-4.670426
4.486145
-4.643618
4.497121
-4.645816
4.490374
-4.654554
4.479069
-4.665725
4.465462
-4.678723
4.449772
-4.693632
4.431803
-4.710690
4.411247
-4.730201
4.387737
-4.752515
4.360848
-4.778036
4.330096
-4.807223
4.294925
-4.840604
4.254700
-4.878781
4.208695
-4.922444
4.156079
-3.014856
4.602893
-4.554576
4.587078
-4.563177
4.585044
-4.563642
4.585757
-4.562412
4.587148
-4.560671
4.588846
-4.558618
4.590809
-4.556256
4.593058
-4.553553
4.595629
-4.550461
4.598570
-4.546924
4.601933
-4.542878
4.605779
-4.538250
4.610177
-4.532957
4.615206
-4.526904
4.620958
-4.519980
4.627535
-4.512060
4.635057
-4.503003
4.643659
-4.492644
4.653497
-4.480795
4.664748
-4.467244
4.677615
-4.451745
4.692330
-4.434019
4.709159
-4.413746
4.728406
-4.390559
4.750417
-4.364040
4.775591
-4.333710
4.804382
-4.299022
4.837309
-4.259349
4.874966
-4.213975
4.918034
-4.162080
4.967290
-4.102729
3.603587
-4.454688
4.728470
-4.385289
4.805106
-4.295973
4.911468
-4.168317
2.074920
-4.642088
4.515580
-4.618345
4.526541
-4.618274
4.523246
-4.623320
4.516524
-4.630062
4.508280
-4.637956
4.498745
-4.647019
4.487821
-4.657391
4.475322
-4.669254
4.461027
-4.682821
4.444678
-4.698338
4.425980
-4.716085
4.404595
-4.736382
4.380137
-4.759594
4.352164
-4.786142
4.320173
-4.816505
4.283584
-4.851230
4.241738
-4.890945
4.193879
-4.936366
4.139143
-3.641188
4.474973
-4.704305
4.413806
-4.771419
4.335829
-4.864190
4.224528
-2.976175
4.592311
-4.568529
4.573380
-4.580085
4.566073
-4.586782
4.558928
-4.595008
4.549179
-4.606693
4.535120
-4.623633
4.514698
-4.648253
4.485014
-4.684041
4.441866
-4.736059
4.379152
-4.811662
4.288005
-4.921538
4.155539
-1.147655
4.789999
-4.344903
4.777023
-4.337631
4.797703
-4.308305
4.828086
-4.270861
4.864107
-4.227301
4.905545
-4.177343
4.952981
-4.120179
5.007242
-4.054797
3.123124
-4.498574
4.679406
-4.442844
4.736315
-4.378736
4.811683
-4.288709
4.919853
-4.158461
3.178525
-4.509764
4.665911
-4.459123
4.716681
-4.402417
4.783125
-4.323148
4.878326
-4.208536
3.851204
-4.386565
4.809456
-4.288254
4.921736
-4.155614
1.144551
-4.731641
4.415273
-4.708841
4.418839
-4.719521
4.401363
-4.738698
4.377378
-4.761948
4.349194
-4.788788
4.316818
-4.819532
4.279763
-4.854702
4.237378
-4.894927
4.188902
-4.940933
4.133461
-4.369750
4.254570
-4.965468
4.100849
-0.852328
4.765482
-4.377490
4.744201
-4.377814
4.759256
-4.354795
4.783939
-4.324130
4.813581
-4.288241
4.847750
-4.247040
4.886878
-4.199889
4.931637
-4.145958
4.982828
-4.084275
1.808087
-4.664169
4.490452
-4.640986
4.499308
-4.643690
4.492389
-4.652314
4.481301
-4.663224
4.468021
-4.675900
4.452720
-4.690434
4.435199
-4.707065
4.415156
-4.726086
4.392232
-4.747840
4.366015
-4.772721
4.336030
-4.801176
4.301738
-4.833721
4.262518
-4.870941
4.217662
-4.913510
4.166361
-4.962195
4.107689
-1.183349
4.752660
-4.389864
4.734520
-4.388983
4.749122
-4.367018
4.772519
-4.338000
4.800545
-4.304077
4.832838
-4.265141
4.869816
-4.220584
4.912114
-4.169618
4.960492
-4.111328
4.258681
-4.268461
4.948209
-4.122745
1.795492
-4.658369
4.497995
-4.633329
4.508532
-4.634745
4.503054
-4.642057
4.493526
-4.651496
4.482014
-4.662495
4.468732
-4.675113
4.453519
-4.689551
4.436117
-4.706065
4.416213
-4.724953
4.393449
-4.746555
4.367415
-4.771261
4.337639
-4.799517
4.303586
-4.831833
4.264640
-4.868793
4.220097
-4.911064
4.169155
-4.959408
4.110893
-1.289743
4.744474
-4.398958
4.726540
-4.398577
4.740247
-4.377837
4.762408
-4.350338
4.788981
-4.318174
4.819603
-4.281254
4.854668
-4.239003
4.894779
-4.190675
4.940654
-4.135402
4.993120
-4.072185
1.769027
-4.657030
4.499227
-4.632185
4.509691
-4.633521
4.504341
-4.640682
4.494999
-4.649939
4.483707
-4.660727
4.470677
-4.673103
4.455754
-4.687266
4.438683
-4.703465
4.419158
-4.721991
4.396828
-4.743181
4.371289
-4.767415
4.342081
-4.795131
4.308676
-4.826831
4.270472
-4.863085
4.226778
-4.904549
4.176807
-4.893147
4.137058
-1.688699
4.716898
-4.429108
4.700057
-4.430053
4.710907
-4.413276
4.729020
-4.390754
4.750816
-4.364368
4.775946
-4.334071
4.804726
-4.299397
4.837647
-4.259736
4.875298
-4.214374
4.918360
-4.162493
4.967607
-4.103157
4.194620
-4.280379
4.933935
-4.140156
2.378086
-4.597744
4.565988
-4.571254
4.582009
-4.565083
4.586400
-4.561093
4.590642
-4.556225
4.596403
-4.549328
4.604694
-4.539346
4.616721
-4.524853
4.634188
-4.503800
4.659563
-4.473216
4.696428
-4.428779
4.749992
-4.364213
4.827822
-4.270395
4.940912
-4.134068
2.778674
-4.595448
4.564579
-4.574959
4.576693
-4.570592
4.579552
-4.569205
4.580763
-4.568223
4.581855
-4.566948
4.583373
-4.565129
4.585558
-4.562500
4.588723
-4.558690
4.593312
-4.553161
4.599973
-4.545136
4.609643
-4.533483
4.623687
-4.516558
4.644086
-4.491972
4.673721
-4.456252
4.716775
-4.404355
4.779332
-4.328949
4.870229
-4.219379
3.663510
-4.484848
4.690841
-4.431945
4.747687
-4.366387
4.825424
-4.273229
4.571515
-4.246382
2.677342
-4.637450
4.515286
-4.620873
4.521533
-4.622706
4.516696
-4.628738
4.508923
-4.636382
4.499612
-4.645265
4.488883
-4.655452
4.476597
-4.667107
4.462543
-4.680439
4.446470
-4.695687
4.428088
-4.713127
4.407065
-4.733072
4.383022
-4.755885
4.355524
-4.781975
4.324076
-4.811815
4.288109
-4.845943
4.246975
-4.884975
4.199930
-4.929616
4.146127
-4.980672
4.084593
-3.313372
4.507497
-4.668874
4.453972
-4.724821
4.390422
-4.799841
4.300690
-4.907720
4.170756
-2.608618
4.587976
-4.578190
4.560440
-4.597593
4.543351
-4.615629
4.522761
-4.639984
4.493604
-4.675055
4.451353
-4.725981
4.389954
-4.800000
4.300708
-4.907588
4.170991
-3.669284
4.473036
-4.708028
4.407773
-4.780185
4.323741
-4.880280
4.203606
-2.150105
4.679953
-4.470837
4.663231
-4.474607
4.669767
-4.463611
4.682105
-4.448166
4.697136
-4.429960
4.714499
-4.409035
4.734389
-4.385082
4.757141
-4.357683
4.783162
-4.326345
4.812921
-4.290502
4.846954
-4.249508
4.885877
-4.202623
4.930390
-4.148999
4.981298
-4.087669
3.614635
-4.438409
4.746440
-4.365532
4.827120
-4.271315
4.939357
-4.136584
1.399209
-4.687568
4.465114
-4.661584
4.473752
-4.666171
4.463852
-4.677912
4.448864
-4.692568
4.431032
-4.709563
4.410508
-4.729045
4.387012
-4.751336
4.360136
-4.776832
4.329398
-4.805992
4.294243
-4.839343
4.254039
-4.877488
4.208058
-4.921114
4.155472
-3.886644
4.416380
-4.775218
4.326926
-4.877923
4.205450
-2.565599
4.641997
-4.513693
4.625116
-4.520474
4.627145
-4.515459
4.633509
-4.507324
4.641551
-4.497565
4.650892
-4.486315
4.661601
-4.473432
4.673853
-4.458693
4.687864
-4.441834
4.703886
-4.422552
4.722209
-4.400497
4.743162
-4.375271
4.767125
-4.346420
4.794528
-4.313421
4.825868
-4.275679
4.861708
-4.232513
4.902697
-4.183142
4.949573
-4.126676
5.003184
-4.062095
1.899428
-4.632353
4.526367
-4.605586
4.539580
-4.603526
4.538395
-4.606573
4.534012
-4.611080
4.528430
-4.616430
4.521939
-4.622586
4.514496
-4.629635
4.505981
-4.637699
4.496243
-4.646924
4.485106
-4.657475
4.472371
-4.669544
4.457807
-4.683348
4.441151
-4.699138
4.422103
-4.717197
4.400319
-4.737853
4.375407
-4.761478
4.346916
-4.788499
4.314333
-4.819405
4.277069
-4.854752
4.234452
-4.895180
4.185713
-3.973798
4.416591
-4.775188
4.326302
-4.879523
4.202604
-1.977877
4.723595
-4.420648
4.711431
-4.418364
4.724471
-4.399432
4.744493
-4.374717
4.768359
-4.345872
4.795835
-4.312771
4.827292
-4.274890
4.863273
-4.231561
4.904423
-4.182003
4.951483
-4.125322
5.005303
-4.060494
3.894013
-4.332486
4.870851
-4.218081
5.002877
-4.061356
0.343729
-4.751498
4.395995
-4.720896
4.402415
-4.731493
4.383731
-4.752243
4.357582
-4.777607
4.326778
-4.806926
4.291381
-4.840517
4.250868
-4.878947
4.204530
-4.922903
4.151534
-2.149148
4.693605
-4.455793
4.679605
-4.457108
4.688499
-4.443445
4.703394
-4.424967
4.721322
-4.403293
4.741993
-4.378401
4.765664
-4.349910
4.792739
-4.317320
4.823703
-4.280044
4.859113
-4.237409
4.899608
-4.188645
4.945919
-4.132873
4.998882
-4.069084
3.212334
-4.498580
4.674827
-4.453313
4.719320
-4.403769
4.777152
-4.334832
4.859892
-4.235258
4.979847
-4.090711
0.223936
-4.784503
4.356436
-4.757497
4.357596
-4.773191
4.332581
-4.799954
4.299143
-4.832231
4.259997
-4.869462
4.215058
-4.912104
4.163631
-4.629326
4.203115
-3.604652
4.490262
-4.691388
4.423832
-4.764546
4.338975
-4.865570
4.217769
-2.336115
4.672959
-4.480693
4.657519
-4.484733
4.663458
-4.474830
4.674727
-4.460768
4.688462
-4.444165
4.704327
-4.425076
4.722500
-4.403222
4.743285
-4.378222
4.767055
-4.349625
4.794237
-4.316917
4.825321
-4.279507
4.860868
-4.236718
4.901519
-4.187777
4.948007
-4.131802
5.001171
-4.067780
3.402240
-4.476130
4.698984
-4.426386
4.750105
-4.368267
4.818500
-4.286497
4.916748
-4.168220
2.749501
-4.532695
4.637223
-4.498535
4.664059
-4.471849
4.693521
-4.437406
4.734520
-4.388212
4.793708
-4.316938
4.879590
-4.213458
4.785630
-4.127596
0.783695
-4.742987
4.400657
-4.716976
4.403848
-4.728269
4.384765
-4.748947
4.358772
-4.774065
4.328264
-4.803071
4.293227
-4.836300
4.253132
-4.874317
4.207273
-4.917802
4.154828
-4.293320
4.294951
-4.923782
4.144093
-1.592158
4.726335
-4.423757
4.708917
-4.425845
4.720292
-4.408561
4.739244
-4.385091
4.762044
-4.357546
4.788331
-4.325907
4.818430
-4.289692
4.852857
-4.248266
4.892228
-4.200882
4.937251
-4.146685
4.988739
-4.084698
3.830005
-4.372335
4.819245
-4.284767
4.918362
-4.167770
2.742888
-4.543950
4.622058
-4.514496
4.643021
-4.499247
4.658596
-4.481551
4.679378
-4.456736
4.709164
-4.420914
4.752297
-4.368975
4.814875
-4.293594
4.905718
-4.184144
2.869153
-4.539224
4.626084
-4.510895
4.646621
-4.495569
4.662463
-4.477477
4.683754
-4.452038
4.714295
-4.415306
4.758524
-4.362050
4.822688
-4.284760
4.915831
-4.172543
1.181551
-4.708737
4.436486
-4.683274
4.441346
-4.690906
4.427120
-4.706582
4.407225
-4.725824
4.383795
-4.748083
4.356875
-4.773590
4.326067
-4.802776
4.290831
-4.836162
4.250537
-4.874349
4.204456
-4.918028
4.151760
-3.969317
4.388329
-4.816174
4.269842
-4.804026
4.156588
-1.572549
4.739808
-4.410157
4.723967
-4.410875
4.737243
-4.391421
4.758397
-4.365341
4.783722
-4.334783
4.812894
-4.299691
4.846293
-4.259525
4.884492
-4.213578
4.928174
-4.161023
4.978126
-4.100910
5.035250
-4.032155
1.575674
-4.632010
4.523504
-4.601186
4.537543
-4.598212
4.536616
-4.600908
4.532447
-4.605147
4.527099
-4.610217
4.520878
-4.616061
4.513746
-4.622759
4.505591
-4.630427
4.496267
-4.639202
4.485609
-4.649244
4.473424
-4.660735
4.459493
-4.673882
4.443566
-4.688924
4.425355
-4.706134
4.404532
-4.725822
4.380723
-4.748344
4.353499
-4.774109
4.322368
-4.803581
4.286769
-4.837294
4.246061
-4.261988
4.382221
-4.824421
4.258163
-2.812721
4.704875
-4.445183
4.700937
-4.439982
4.713937
-4.422518
4.732132
-4.400342
4.753569
-4.374555
4.778199
-4.344977
4.806383
-4.311127
4.838611
-4.272404
4.875462
-4.228110
4.917599
-4.177444
4.965782
-4.119492
5.020879
-4.053206
5.083884
-3.977389
3.006182
-4.428111
4.753698
-4.368789
4.811923
-4.303127
4.888540
-4.211691
4.998262
-4.079694
2.306086
-4.488939
4.687508
-4.445071
4.720783
-4.413248
4.755373
-4.372849
4.803327
-4.315367
4.872439
-4.232206
4.972619
-4.111572
3.664266
-4.362648
4.826073
-4.284811
4.911004
-4.185427
5.029107
-4.043722
-1.933840
5.021408
-4.051518
3.850162
-4.334544
4.857351
-4.248694
4.953415
-4.135381
3.260994
-4.434866
4.741761
-4.386570
4.787904
-4.334885
4.847888
-4.263403
4.933586
-4.160358
4.059389
-4.303327
4.892774
-4.207379
5.002228
-4.077516
-2.202936
4.986923
-4.092948
3.729387
-4.403875
4.773213
-4.351748
4.827741
-4.288691
4.902145
-4.199608
5.009196
-4.070800
-2.427418
4.910305
-4.185519
4.968092
-4.120773
3.937145
-4.371265
4.809330
-4.310222
4.876348
-4.231538
4.969920
-4.119259
-0.645687
-0.473463
0.021440
-2.590148
4.759734
-4.375829
4.781948
-4.347855
4.809654
-4.314408
4.841766
-4.275840
4.878561
-4.231662
4.920646
-4.181115
4.968766
-4.123295
3.046302
-4.550935
4.598723
-4.529007
4.612459
-4.520078
4.620666
-4.512919
4.628687
-4.505315
4.637612
-4.496737
4.647778
-4.486958
4.659403
-4.475788
4.672704
-4.463024
4.687923
-4.448439
4.705337
-4.431768
4.725260
-4.412715
4.748053
-4.390589
4.774549
-4.358817
4.812746
-4.312931
4.867976
-4.246519
4.947963
-4.150280
2.003931
-4.515309
4.652521
-4.471746
4.681440
-4.451625
4.701004
-4.434222
4.720948
-4.415384
4.743310
-4.394050
4.768807
-4.367791
4.800284
-4.330030
4.845699
-4.275461
4.911396
-4.196455
5.006566
-4.081939
-1.965300
5.029328
-4.053002
0.880081
-4.706177
4.430870
-4.678092
4.432917
-4.685468
4.417737
-4.701360
4.397263
-4.720948
4.373277
-4.743626
4.345748
-4.769622
4.314255
-4.799374
4.278247
-4.833411
4.237077
-4.872348
4.190006
-2.345844
4.728479
-4.434447
4.705800
-4.451789
4.692688
-4.465887
4.677032
-4.484570
4.654645
-4.511646
4.621910
-4.551240
4.574032
-4.609084
4.504134
-4.636134
4.472116
-4.647572
4.458625
-4.660102
4.443435
-4.674338
4.426115
-4.690611
4.406328
-4.709230
4.383712
-4.730536
4.357860
-4.754915
4.328308
-3.027388
4.785759
-4.364582
4.790518
-4.353027
4.809350
-4.329442
4.838599
-4.294204
4.881139
-4.243124
4.929450
-4.185201
4.978001
-4.127038
5.033367
-4.060610
5.096638
-3.984645
5.168967
-3.897759
4.866426
-3.910071
2.153769
-4.378653
4.809106
-4.317082
4.858409
-4.270877
4.909134
-4.211015
4.980283
-4.125721
5.082848
-4.002432
5.231381
-3.823751
-4.510571
4.687792
-4.422284
4.738120
-4.387353
4.768944
-4.359891
4.799692
-4.330854
4.834028
-4.298108
4.873149
-4.257728
4.921568
-4.199667
4.991425
-4.115766
5.092473
-3.994300
5.238837
-3.818257
-4.491187
4.710092
-4.400435
4.762383
-4.362550
4.796538
-4.331694
4.831316
-4.298775
4.870304
-4.261592
4.914751
-4.211219
4.975268
-4.138602
5.062688
-4.033577
5.189216
-3.881454
-1.097557
2.312697
-4.359284
4.824219
-4.299611
4.872957
-4.256839
4.919760
-4.207793
4.977794
-4.138337
5.061235
-4.038153
5.181890
-3.893135
0.014948
-4.489922
4.694437
-4.417483
4.735170
-4.385755
4.764054
-4.359162
4.794093
-4.330598
4.827897
-4.298300
4.866459
-4.261450
4.910549
-4.219343
4.960974
-4.163113
5.028536
-4.082067
5.126117
-3.964867
5.267330
-3.795134
-4.315774
4.798477
-4.318173
4.854735
-4.269743
4.901421
-4.226201
4.951403
-4.177820
5.008974
-4.108898
5.091828
-4.009467
5.211585
-3.865599
1.270794
-4.311555
4.892364
-4.229284
4.954557
-4.173793
5.013908
-4.105461
5.094730
-4.008673
5.211047
-3.869004
2.029647
-4.224473
4.987410
-4.134581
5.065479
-4.044947
5.167541
-3.923163
5.313166
-3.748337
-4.396306
4.818309
-4.267959
4.912190
-4.211718
4.966980
-4.160006
5.026522
-4.095968
5.102981
-4.004352
5.213215
-3.872029
3.409068
-4.064746
5.161282
-3.933104
5.302642
-3.765284
-3.840897
4.965584
-4.165643
5.030148
-4.094234
5.105468
-4.005045
5.210849
-3.878789
4.438068
-3.960159
5.273056
-3.803824
-0.902165
-3.219113
5.150718
-3.949497
5.268209
-3.812370
4.995014
-3.800259
1.369376
-4.337026
4.854236
-4.262645
4.906923
-4.213141
4.958976
-4.163362
5.017208
-4.107770
5.083554
-4.038850
5.166256
-3.939758
5.285587
-3.796579
1.076857
-4.229023
4.988518
-4.134247
5.060712
-4.065504
5.134874
-3.980375
5.235697
-3.859604
5.380913
-3.685328
-4.329044
4.894245
-4.161312
5.033898
-4.090370
5.105084
-4.019553
5.187360
-3.921177
5.305309
-3.779746
2.366270
-4.065890
5.167352
-3.945114
5.283004
-3.808111
4.684654
-3.831522
5.420129
-3.644045
-4.280097
4.952457
-4.066734
5.146650
-3.974824
5.242162
-3.861046
5.376301
-3.700279
-1.475845
3.190199
-4.067249
5.154026
-3.968660
5.250499
-3.853907
5.384318
-3.693575
-1.075200
0.135138
-3.466012
5.134137
-3.996181
5.220224
-3.893961
5.335684
-3.755766
5.213461
-3.638505
-0.241604
-0.625632
3.521864
-4.062850
5.144863
-3.981119
5.231071
-3.884551
5.344837
-3.748283
5.204859
-3.637062
-2.106578
5.540047
-3.515901
-3.556851
5.211266
-3.912251
5.324184
-3.777139
5.475617
-3.595584
-1.256291
5.521154
-3.542853
-1.130933
5.531784
-3.531152
-1.621073
5.491635
-3.580586
1.237352
-4.175743
5.043564
-4.081665
5.115818
-4.007390
5.196596
-3.929076
5.288929
-3.826630
5.411908
-3.679326
4.801190
-3.686180
5.230960
-3.567379
-2.652799
5.527663
-3.544726
-2.655517
5.482678
-3.600572
5.228488
-3.540514
-0.699553
3.125424
-3.963713
5.272536
-3.854321
5.383262
-3.720967
5.539676
-3.533363
-2.395401
5.600293
