2.644428
0.000005
-0.000034
0.000267
-0.002088
0.016350
-0.128039
0.403002
-0.249040
0.352916
-0.268056
0.347227
-0.267206
0.350487
-0.261958
0.356064
-0.255148
0.074886
-0.414779
0.258551
-0.336022
0.292263
-0.322149
0.297423
-0.320715
0.297002
-0.321807
0.295325
-0.323574
0.293178
-0.325694
0.290680
-0.328137
0.287813
-0.330936
0.284532
-0.334139
0.280778
-0.337803
0.276483
-0.341995
0.271569
-0.346790
0.265948
-0.352275
0.259518
-0.346528
0.260688
-0.077892
0.412483
-0.260872
0.333874
-0.294716
0.319776
-0.300197
0.318009
-0.300178
0.318707
-0.298965
0.320020
-0.297351
0.321619
-0.295462
0.323468
-0.293292
0.325588
-0.290807
0.328013
-0.287965
0.330788
-0.284713
0.333962
-0.280992
0.337594
-0.276735
0.341748
-0.271865
0.346500
-0.266295
0.351935
-0.259922
0.321914
-0.278335
0.265018
-0.312996
0.327136
-0.279303
0.249350
-0.323610
0.317900
-0.288909
0.339109
-0.271674
0.053566
-0.426200
0.250628
-0.341978
0.286312
-0.327624
0.291195
-0.326732
0.289980
-0.328652
0.287302
-0.331404
0.283995
-0.334659
0.280166
-0.338401
0.275776
-0.342686
0.270752
-0.347589
0.265005
-0.353197
0.258430
-0.359611
0.250910
-0.105169
0.397511
-0.271632
0.325576
-0.303160
0.311948
-0.309112
0.309322
-0.310320
0.308708
-0.310698
0.308409
-0.310990
0.308086
-0.311367
0.307638
-0.311904
0.306992
-0.312682
0.306055
-0.313810
0.304695
-0.315449
0.302720
-0.317828
0.299852
-0.321285
0.295685
-0.326307
0.289630
-0.333604
0.280833
-0.344205
0.265724
-0.355139
0.254623
-0.027448
0.437594
-0.245491
0.344321
-0.285127
0.328274
-0.290731
0.327089
-0.289620
0.328984
-0.286927
0.331767
-0.283576
0.335066
-0.279691
0.338863
-0.275238
0.343211
-0.270141
0.348185
-0.264310
0.353874
-0.257640
0.266607
-0.313502
0.325494
-0.281725
0.346929
-0.260758
-0.034931
-0.468005
0.227623
-0.355989
0.274831
-0.337231
0.280883
-0.336494
0.278730
-0.339572
0.274552
-0.343835
0.269446
-0.348852
0.263545
-0.354616
0.256782
-0.309739
0.285554
-0.348707
0.254613
0.106981
0.502028
-0.208879
0.367407
-0.265449
0.345089
-0.272419
0.344510
-0.269465
0.348570
-0.264018
0.354107
-0.257396
0.280230
-0.304704
0.332818
-0.273708
0.214659
-0.344590
0.301576
-0.304730
0.321703
-0.292489
0.331287
-0.283159
0.341573
-0.270911
0.081135
-0.411851
0.260132
-0.335077
0.293020
-0.321523
0.298091
-0.320084
0.297730
-0.321101
0.296152
-0.322767
0.294124
-0.324770
0.291763
-0.327080
0.289054
-0.329725
0.285952
-0.332753
0.282404
-0.336217
0.278344
-0.340179
0.273699
-0.344711
0.268386
-0.349896
0.262308
-0.355826
0.255355
-0.225683
0.338601
-0.305651
0.301175
-0.325398
0.288289
-0.336233
0.277249
-0.348668
0.260647
0.056925
0.478300
-0.222055
0.359308
-0.272167
0.339432
-0.278528
0.338718
-0.276159
0.342069
-0.271624
0.346691
-0.266092
0.352126
-0.259697
0.358372
-0.252370
0.067662
-0.416925
0.258896
-0.334753
0.294298
-0.319985
0.300069
-0.318097
0.300096
-0.318779
0.298884
-0.320097
0.297261
-0.321707
0.295359
-0.323568
0.293175
-0.325701
0.290674
-0.328143
0.287812
-0.330937
0.284538
-0.334132
0.280792
-0.337788
0.276507
-0.341970
0.271605
-0.346754
0.265997
-0.352226
0.259581
-0.226664
0.339889
-0.303050
0.304755
-0.320905
0.293777
-0.329601
0.285245
-0.339043
0.274139
-0.173187
0.367900
-0.284880
0.319612
-0.306041
0.310380
-0.310168
0.308419
-0.311234
0.307692
-0.311870
0.307030
-0.312623
0.306142
-0.313684
0.304867
-0.315219
0.303018
-0.317447
0.300332
-0.320683
0.296431
-0.325383
0.290765
-0.332213
0.282531
-0.342135
0.268872
-0.088620
0.411118
-0.257141
0.339246
-0.287387
0.327262
-0.291205
0.326854
-0.289748
0.328905
-0.286978
0.331728
-0.283600
0.335048
-0.279695
0.338863
-0.275221
0.343231
-0.270101
0.348227
-0.264243
0.353943
-0.257542
0.360481
-0.249876
0.182898
-0.358301
0.295623
-0.307350
0.320512
-0.293074
0.330954
-0.283396
0.341365
-0.271383
0.350527
-0.254281
-0.070027
-0.482881
0.221487
-0.358304
0.274271
-0.337081
0.281475
-0.335782
0.279653
-0.338645
0.275664
-0.342742
0.270742
-0.347584
0.265043
-0.353152
0.258510
-0.204531
0.351992
-0.294719
0.312112
-0.313183
0.302600
-0.319166
0.297749
-0.323997
0.292362
-0.330301
0.284843
-0.339327
0.273783
-0.194378
0.357484
-0.290999
0.315348
-0.309820
0.306426
-0.314654
0.303147
-0.317508
0.300178
-0.320883
0.296197
-0.325643
0.290475
-0.332531
0.282174
-0.342533
0.268739
-0.022256
0.443072
-0.238803
0.350932
-0.277302
0.335932
-0.281715
0.335898
-0.279263
0.339100
-0.275038
0.343377
-0.269936
0.348385
-0.264048
0.354136
-0.257303
0.360718
-0.249585
0.192364
-0.353436
0.298680
-0.304870
0.322988
-0.290304
0.334206
-0.279508
0.346043
-0.264843
0.173842
-0.363182
0.292349
-0.310166
0.317615
-0.296344
0.327121
-0.287964
0.335896
-0.277955
0.347712
-0.262003
0.064715
-0.418240
0.258287
-0.335050
0.294144
-0.320077
0.300014
-0.318138
0.300077
-0.318793
0.298890
-0.320087
0.297294
-0.321671
0.295423
-0.323503
0.293273
-0.325602
0.290812
-0.328005
0.287996
-0.330753
0.284775
-0.333898
0.281089
-0.337494
0.276873
-0.341608
0.272050
-0.346314
0.266533
-0.351697
0.260223
-0.298591
0.294274
-0.340340
0.265140
-0.041971
0.431115
-0.248577
0.342768
-0.286076
0.327626
-0.291309
0.326580
-0.290166
0.328464
-0.287509
0.331203
-0.284215
0.334447
-0.280397
0.338179
-0.276019
0.342452
-0.271010
0.347341
-0.265279
0.352934
-0.258722
0.359331
-0.251222
0.031813
-0.434160
0.249074
-0.340976
0.288993
-0.324524
0.295146
-0.322779
0.294707
-0.324014
0.292789
-0.326038
0.290328
-0.328470
0.287461
-0.331273
0.284172
-0.334484
0.280408
-0.338158
0.276101
-0.342360
0.271175
-0.347167
0.265540
-0.352665
0.259094
-0.207179
0.350980
-0.294991
0.312199
-0.312891
0.303041
-0.318587
0.298474
-0.323101
0.293457
-0.328963
0.286469
-0.337350
0.276372
-0.287433
0.301346
-0.334547
0.272006
-0.026941
0.439932
-0.241639
0.348434
-0.280064
0.333288
-0.284778
0.332919
-0.282743
0.335706
-0.279008
0.339503
-0.274470
0.343961
-0.269227
0.349083
-0.263220
0.354946
-0.256346
0.361653
-0.248482
0.071797
-0.412852
0.263735
-0.330018
0.299894
-0.314514
0.306524
-0.311789
0.307534
-0.311511
0.307445
-0.311732
0.307108
-0.312087
0.306677
-0.312513
0.306175
-0.313004
0.305599
-0.313567
0.304939
-0.314211
0.304183
-0.314949
0.303319
-0.315793
0.302329
-0.316759
0.301197
-0.317865
0.299901
-0.319130
0.298418
-0.320577
0.296721
-0.322233
0.294780
-0.324128
0.292560
-0.326295
0.290019
-0.328775
0.287113
-0.331611
0.283789
-0.334856
0.279986
-0.338567
0.275635
-0.342812
0.270659
-0.347667
0.264967
-0.295933
0.298130
-0.335415
0.271810
-0.110389
0.400173
-0.263937
0.334564
-0.291712
0.323411
-0.295478
0.322755
-0.294486
0.324295
-0.292348
0.326492
-0.289710
0.329087
-0.286656
0.332073
-0.283155
0.335491
-0.279147
0.339403
-0.274562
0.343878
-0.269316
0.348998
-0.263315
0.354855
-0.256449
0.361554
-0.248595
0.082405
-0.407631
0.266867
-0.327933
0.301776
-0.312861
0.308359
-0.310031
0.309577
-0.309523
0.309777
-0.309457
0.309778
-0.309480
0.309736
-0.309526
0.309680
-0.309582
0.309613
-0.309647
0.309536
-0.309722
0.309447
-0.309809
0.309345
-0.309909
0.309227
-0.310024
0.309092
-0.310156
0.308937
-0.310307
0.308759
-0.310481
0.308555
-0.310680
0.308321
-0.310909
0.308053
-0.311171
0.307745
-0.311471
0.307393
-0.311815
0.306989
-0.312209
0.306527
-0.312661
0.305998
-0.313178
0.305392
-0.313769
0.304698
-0.314447
0.303904
-0.315222
0.302995
-0.316109
0.301955
-0.317125
0.300765
-0.318287
0.299403
-0.319617
0.297844
-0.321138
0.296061
-0.322879
0.294021
-0.324870
0.291687
-0.327148
0.289017
-0.329754
0.285962
-0.332735
0.282468
-0.336146
0.278470
-0.340046
0.273898
-0.344508
0.268667
-0.349611
0.262684
-0.170961
0.370850
-0.280940
0.323609
-0.301264
0.315151
-0.304541
0.314108
-0.304507
0.314548
-0.303752
0.315363
-0.302752
0.316355
-0.301580
0.317501
-0.300234
0.318816
-0.298693
0.320321
-0.296928
0.322045
-0.294908
0.324017
-0.292596
0.326274
-0.289950
0.328857
-0.286923
0.331813
-0.283459
0.335195
-0.279495
0.339063
-0.274961
0.343489
-0.269773
0.348553
-0.263837
0.354345
-0.257047
0.360970
-0.249279
0.034207
-0.431962
0.251592
-0.338542
0.291852
-0.321735
0.298434
-0.319567
0.298493
-0.320314
0.297147
-0.321780
0.295340
-0.323573
0.293222
-0.325646
0.290790
-0.328021
0.288006
-0.330739
0.284820
-0.333847
0.281176
-0.337403
0.277008
-0.341471
0.272240
-0.346123
0.266786
-0.351444
0.260547
-0.178606
0.365952
-0.285165
0.319969
-0.305231
0.311371
-0.308901
0.309868
-0.309448
0.309728
-0.309382
0.309867
-0.309174
0.310084
-0.308910
0.310345
-0.308602
0.310646
-0.308247
0.310993
-0.307840
0.311391
-0.307372
0.311848
-0.306835
0.312373
-0.306219
0.312974
-0.305513
0.313664
-0.304704
0.314454
-0.303778
0.315359
-0.302716
0.316396
-0.301500
0.317584
-0.300107
0.318944
-0.298512
0.320501
-0.296687
0.322284
-0.294598
0.324324
-0.292206
0.326659
-0.289469
0.329332
-0.286337
0.332390
-0.282752
0.335889
-0.278651
0.339893
-0.273958
0.344473
-0.268589
0.349714
-0.262447
0.355708
-0.255419
0.234211
-0.333123
0.310251
-0.296453
0.330795
-0.281869
0.343993
-0.266972
0.083941
-0.409196
0.263284
-0.332010
0.296689
-0.317934
0.302379
-0.315886
0.302734
-0.316203
0.301976
-0.317069
0.300888
-0.318154
0.299602
-0.319414
0.298123
-0.320858
0.296430
-0.322511
0.294493
-0.324402
0.292277
-0.326565
0.289742
-0.329038
0.286843
-0.331867
0.283526
-0.335104
0.279733
-0.338805
0.275394
-0.343038
0.270432
-0.347879
0.264755
-0.353416
0.258263
-0.237990
0.332127
-0.309795
0.297787
-0.328731
0.284629
-0.340430
0.271984
-0.169980
0.368644
-0.285296
0.318756
-0.307153
0.309050
-0.311696
0.306656
-0.313256
0.305346
-0.314587
0.303848
-0.316346
0.301748
-0.318868
0.298712
-0.322524
0.294306
-0.327832
0.287906
-0.335544
0.278608
-0.346746
0.262364
0.000667
0.454076
-0.232438
0.354995
-0.273714
0.339037
-0.278232
0.339233
-0.275317
0.342950
-0.270452
0.347864
-0.264596
0.353611
-0.257842
0.360209
-0.250103
0.190275
-0.354708
0.297750
-0.305687
0.322197
-0.291129
0.333330
-0.280468
0.344993
-0.266178
0.189260
-0.355889
0.296347
-0.307369
0.320175
-0.293562
0.330401
-0.283996
0.340742
-0.272041
0.249610
-0.322265
0.320047
-0.286043
0.342763
-0.266626
-0.005283
-0.453140
0.236967
-0.349524
0.280963
-0.331732
0.287142
-0.330459
0.285857
-0.332612
0.282809
-0.335757
0.279023
-0.339482
0.274637
-0.343767
0.269610
-0.348672
0.263858
-0.354282
0.257279
-0.304317
0.289358
-0.345315
0.258889
0.028710
0.464138
-0.230705
0.353404
-0.277479
0.334740
-0.283618
0.333858
-0.281674
0.336724
-0.277751
0.340737
-0.272941
0.345467
-0.267376
0.350906
-0.260998
0.357133
-0.253698
0.063543
-0.419603
0.256690
-0.336641
0.292369
-0.321801
0.298104
-0.319985
0.298027
-0.320774
0.296684
-0.322220
0.294911
-0.323975
0.292839
-0.326002
0.290461
-0.328323
0.287740
-0.330979
0.284627
-0.334015
0.281068
-0.337488
0.276997
-0.341459
0.272341
-0.346000
0.267016
-0.351193
0.260926
-0.357132
0.253962
-0.005661
0.448649
-0.238309
0.349404
-0.280144
0.332788
-0.285500
0.332146
-0.283580
0.334889
-0.279860
0.338686
-0.275314
0.343155
-0.270058
0.348292
-0.264034
0.354174
-0.257138
0.292466
-0.296646
0.339766
-0.265026
0.057292
-0.421968
0.256124
-0.336483
0.292994
-0.321053
0.299085
-0.318996
0.299227
-0.319593
0.298099
-0.320832
0.296565
-0.322355
0.294765
-0.324117
0.292698
-0.326134
0.290333
-0.328442
0.287628
-0.331080
0.284535
-0.334098
0.280998
-0.337548
0.276954
-0.341493
0.272328
-0.346004
0.267038
-0.351162
0.260989
-0.357061
0.254071
-0.016019
0.443562
-0.241303
0.347434
-0.281862
0.331293
-0.287113
0.330608
-0.285328
0.333192
-0.281810
0.336787
-0.277504
0.341022
-0.272523
0.345890
-0.266814
0.351465
-0.260279
0.357845
-0.252802
0.059607
-0.421075
0.256411
-0.336457
0.292907
-0.321180
0.298942
-0.319137
0.299090
-0.319720
0.297983
-0.320938
0.296476
-0.322434
0.294708
-0.324164
0.292678
-0.326145
0.290355
-0.328411
0.287699
-0.331002
0.284662
-0.333964
0.281190
-0.337351
0.277219
-0.341223
0.272679
-0.345651
0.267487
-0.350713
0.261550
-0.351185
0.258532
-0.052850
0.425941
-0.251224
0.341220
-0.287072
0.326864
-0.291872
0.326087
-0.290506
0.328162
-0.287642
0.331099
-0.284119
0.334567
-0.280039
0.338556
-0.275361
0.343126
-0.270006
0.348356
-0.263877
0.354340
-0.256863
0.286224
-0.300442
0.336847
-0.268343
0.111237
-0.395458
0.272035
-0.325893
0.302595
-0.312598
0.308490
-0.309850
0.309926
-0.308925
0.310695
-0.308148
0.311569
-0.307121
0.312795
-0.305648
0.314570
-0.303508
0.317151
-0.300397
0.320902
-0.295875
0.326354
-0.289302
0.334279
-0.279748
0.345798
-0.263107
0.152622
-0.377924
0.279267
-0.323160
0.303286
-0.312746
0.307890
-0.310716
0.308830
-0.310258
0.309092
-0.310066
0.309269
-0.309875
0.309491
-0.309611
0.309809
-0.309228
0.310270
-0.308671
0.310943
-0.307860
0.311922
-0.306679
0.313346
-0.304961
0.315419
-0.302462
0.318432
-0.298829
0.322813
-0.293548
0.329181
-0.285871
0.338437
-0.273837
0.232048
-0.337128
0.304977
-0.302865
0.323189
-0.290845
0.333405
-0.280369
0.312162
-0.287518
0.133320
-0.389068
0.270714
-0.330047
0.296083
-0.319494
0.300160
-0.318201
0.300108
-0.318759
0.299158
-0.319781
0.297904
-0.321022
0.296440
-0.322453
0.294762
-0.324090
0.292842
-0.325962
0.290649
-0.328101
0.288141
-0.330546
0.285276
-0.333340
0.282000
-0.336534
0.278255
-0.340186
0.273973
-0.344359
0.269078
-0.349131
0.263482
-0.354586
0.257082
-0.360822
0.249765
-0.211515
0.344128
-0.303635
0.301724
-0.325241
0.288389
-0.335844
0.277958
-0.347396
0.263548
-0.138583
0.380304
-0.282285
0.317875
-0.309920
0.305078
-0.316524
0.300917
-0.319903
0.297547
-0.323657
0.293152
-0.328894
0.286862
-0.336459
0.277744
-0.347438
0.262161
-0.240491
0.329481
-0.312541
0.294761
-0.331979
0.280982
-0.344429
0.266681
-0.094705
0.404874
-0.264145
0.332346
-0.295072
0.319757
-0.299573
0.318699
-0.298870
0.320019
-0.296954
0.322011
-0.294547
0.324386
-0.291751
0.327123
-0.288540
0.330261
-0.284861
0.333857
-0.280648
0.337973
-0.275825
0.342686
-0.270303
0.348081
-0.263982
0.354256
-0.256747
0.232522
-0.334494
0.309115
-0.297364
0.330112
-0.282275
0.343906
-0.266410
0.017051
-0.442356
0.243520
-0.345158
0.285166
-0.327942
0.291660
-0.326032
0.291312
-0.327206
0.289447
-0.329182
0.287038
-0.331558
0.284235
-0.334295
0.281022
-0.337427
0.277349
-0.341006
0.273151
-0.345095
0.268353
-0.349769
0.262869
-0.355110
0.256601
-0.263227
0.315550
-0.323406
0.284230
-0.343432
0.266513
-0.135238
0.384567
-0.276547
0.323871
-0.302715
0.312969
-0.306962
0.311598
-0.306950
0.312137
-0.306009
0.313156
-0.304751
0.314404
-0.303274
0.315852
-0.301573
0.317516
-0.299620
0.319425
-0.297379
0.321616
-0.294810
0.324127
-0.291866
0.327005
-0.288492
0.330303
-0.284627
0.334082
-0.280200
0.338409
-0.275130
0.343365
-0.269325
0.349038
-0.262678
0.355534
-0.255070
0.068821
-0.417467
0.257861
-0.335981
0.293215
-0.320959
0.299439
-0.318566
0.300094
-0.318621
0.299625
-0.319208
0.298862
-0.319974
0.297951
-0.320865
0.296906
-0.321883
0.295715
-0.323043
0.294356
-0.324364
0.292808
-0.325871
0.291042
-0.327590
0.289027
-0.329551
0.286728
-0.331789
0.284104
-0.334343
0.281109
-0.337259
0.277688
-0.340590
0.273780
-0.344393
0.269317
-0.348738
0.264217
-0.353701
0.258391
-0.271945
0.310919
-0.326232
0.282023
-0.345347
0.263860
-0.081628
0.411711
-0.259089
0.336120
-0.290875
0.323611
-0.294757
0.323336
-0.293036
0.325686
-0.289893
0.328886
-0.286070
0.332648
-0.281647
0.336977
-0.276573
0.341940
-0.270759
0.347625
-0.264102
0.354134
-0.256478
0.255571
-0.319348
0.322076
-0.283728
0.345830
-0.261125
-0.084583
-0.491284
0.215761
-0.362628
0.270480
-0.340323
0.278433
-0.338430
0.277210
-0.340723
0.273869
-0.344182
0.269685
-0.348291
0.264837
-0.353014
0.259286
-0.358414
0.252943
-0.102981
0.399913
-0.267401
0.329682
-0.297205
0.317715
-0.301264
0.317002
-0.300206
0.318655
-0.297907
0.321021
-0.295063
0.323824
-0.291763
0.327056
-0.287972
0.330766
-0.283625
0.335018
-0.278644
0.339891
-0.272936
0.345474
-0.266399
0.351868
-0.258911
0.191056
-0.358428
0.291660
-0.312997
0.313742
-0.300419
0.322858
-0.292030
0.331860
-0.281663
0.344163
-0.265131
-0.098210
-0.500207
0.207960
-0.369329
0.263199
-0.347157
0.270602
-0.345915
0.268540
-0.349043
0.264200
-0.353473
0.258870
-0.358693
0.252712
-0.334738
0.266937
-0.235882
0.329001
-0.314795
0.291298
-0.335575
0.276879
-0.348366
0.262350
-0.118047
0.390875
-0.274239
0.324004
-0.302846
0.312326
-0.307078
0.311279
-0.306505
0.312425
-0.304813
0.314191
-0.302672
0.316306
-0.300175
0.318753
-0.297300
0.321566
-0.294000
0.324795
-0.290213
0.328501
-0.285869
0.332752
-0.280889
0.337625
-0.275182
0.343211
-0.268641
0.349613
-0.261148
0.206727
-0.351603
0.294709
-0.311201
0.315101
-0.298775
0.324847
-0.289279
0.335337
-0.277055
0.137155
-0.385010
0.276183
-0.324093
0.303611
-0.310777
0.311147
-0.305345
0.316125
-0.300017
0.322266
-0.292740
0.330999
-0.282239
0.323903
-0.278497
-0.051703
-0.479416
0.218103
-0.363908
0.266986
-0.344115
0.273818
-0.342702
0.272376
-0.345084
0.268989
-0.348554
0.264799
-0.352654
0.259957
-0.357357
0.254420
-0.362730
0.248097
-0.307995
0.283578
-0.351027
0.252532
-0.052289
0.420212
-0.259332
0.331791
-0.296931
0.316693
-0.302069
0.315785
-0.300742
0.317864
-0.297845
0.320848
-0.294258
0.324387
-0.290091
0.328471
-0.285301
0.333163
-0.279805
0.338545
-0.273503
0.344716
-0.266280
0.241768
-0.331689
0.309036
-0.297531
0.329968
-0.280996
0.133161
-0.389148
0.271296
-0.328913
0.298149
-0.316600
0.304330
-0.312855
0.307245
-0.310019
0.310374
-0.306366
0.314733
-0.301129
0.321049
-0.293517
0.330241
-0.282441
0.144256
-0.384617
0.272909
-0.328456
0.298008
-0.316880
0.303893
-0.313236
0.306796
-0.310366
0.309987
-0.306630
0.314450
-0.301265
0.320923
-0.293464
0.330344
-0.282112
-0.017690
-0.465064
0.223931
-0.361441
0.267892
-0.343476
0.274295
-0.341910
0.273354
-0.343689
0.270734
-0.346384
0.267461
-0.349577
0.263680
-0.353237
0.259363
-0.357411
0.254443
-0.362168
0.248834
-0.367593
0.242438
-0.283701
0.296738
-0.340874
0.264514
-0.350267
0.250304
-0.054572
0.416762
-0.262559
0.328034
-0.300238
0.313010
-0.305211
0.312298
-0.303630
0.314633
-0.300423
0.317921
-0.296473
0.321817
-0.291886
0.326315
-0.286608
0.331487
-0.280549
0.337424
-0.273598
0.344238
-0.265626
0.023844
-0.444124
0.236919
-0.352150
0.276643
-0.335249
0.283590
-0.332573
0.284295
-0.332639
0.283755
-0.333288
0.282902
-0.334122
0.281899
-0.335079
0.280766
-0.336157
0.279492
-0.337371
0.278057
-0.338740
0.276440
-0.340286
0.274613
-0.342033
0.272548
-0.344011
0.270210
-0.346253
0.267561
-0.348796
0.264555
-0.351684
0.261142
-0.354965
0.257263
-0.358696
0.252852
-0.362942
0.247833
-0.312464
0.280886
-0.350469
0.254248
-0.176431
0.359456
-0.292146
0.310360
-0.312647
0.302514
-0.314757
0.302768
-0.313084
0.304840
-0.310371
0.307572
-0.307095
0.310789
-0.303295
0.314509
-0.298917
0.318794
-0.293883
0.323725
-0.288098
0.329394
-0.281456
0.335908
-0.273831
0.343387
-0.265082
0.155445
-0.377685
0.277604
-0.322178
0.304773
-0.306424
0.316411
-0.295542
0.328192
-0.281930
0.080692
-0.413852
0.257122
-0.336409
0.291920
-0.319655
0.301186
-0.313137
0.307024
-0.306947
0.314128
-0.298533
0.324229
-0.286385
0.207807
-0.352209
0.291707
-0.311659
0.314337
-0.295610
0.328842
-0.280216
-0.325143
0.315098
-0.284295
0.225145
-0.343691
0.296364
-0.307976
0.317689
-0.291569
0.166700
-0.375285
0.274966
-0.326362
0.298543
-0.313052
0.308029
-0.304406
0.317255
-0.293797
0.239888
-0.335998
0.301029
-0.303884
0.321719
-0.286663
-0.354831
0.298276
-0.295826
0.208286
-0.356695
0.283238
-0.321611
0.301529
-0.309796
0.311331
-0.299868
0.322502
-0.286240
-0.375607
0.283074
-0.309890
0.314582
-0.291818
0.228034
-0.347053
0.288290
-0.317602
0.305027
-0.305425
0.316243
-0.293173
-0.208693
-0.155689
-0.085520
-0.304707
0.300904
-0.317383
0.296917
-0.317120
0.298763
-0.313978
0.302129
-0.309811
0.306253
-0.304905
0.311058
-0.299238
0.316605
-0.292716
0.142814
-0.396496
0.249835
-0.349817
0.270330
-0.340650
0.274599
-0.338476
0.275906
-0.337527
0.276764
-0.336703
0.277663
-0.335781
0.278712
-0.334702
0.279954
-0.333435
0.281421
-0.331950
0.283144
-0.330217
0.285163
-0.328199
0.287510
-0.325836
0.290113
-0.322734
0.293801
-0.318251
0.299199
-0.311701
0.307106
-0.302139
0.033102
-0.442641
0.230583
-0.356151
0.268979
-0.338645
0.277593
-0.333948
0.280839
-0.331432
0.283349
-0.329061
0.285984
-0.326312
0.289062
-0.322625
0.293457
-0.317283
0.299892
-0.309482
0.309312
-0.298098
-0.345011
0.294720
-0.300731
-0.073962
-0.502490
0.185162
-0.390823
0.232090
-0.371525
0.238769
-0.369882
0.237601
-0.371816
0.234654
-0.374712
0.231028
-0.378117
0.226882
-0.381993
0.222189
-0.386386
0.216881
-0.391365
0.210871
-0.162844
0.346843
-0.307853
0.283935
-0.335824
0.271056
-0.342305
0.267079
-0.345297
0.264129
-0.348397
0.260449
-0.352617
0.255296
-0.358647
0.246360
-0.364334
0.240781
-0.367602
0.238029
-0.369740
0.235619
-0.371846
0.233057
-0.374151
0.230218
-0.376729
0.227045
-0.379627
0.223487
-0.382891
0.219488
-0.229526
0.317345
-0.317945
0.280076
-0.333168
0.274645
-0.334051
0.275954
-0.331309
0.279668
-0.326161
0.284802
-0.319742
0.290529
-0.313218
0.296775
-0.305872
0.303922
-0.297447
0.312157
-0.287761
0.287326
-0.300811
0.031403
-0.441610
0.226337
-0.354698
0.266225
-0.334809
0.277704
-0.326150
0.285780
-0.317304
0.296000
-0.305095
0.310664
-0.286405
-0.586597
0.153197
-0.393741
0.237996
-0.355425
0.256072
-0.346053
0.261923
-0.341793
0.265887
-0.338095
0.269893
-0.333885
0.274561
-0.328259
0.281233
-0.320118
0.291013
-0.308239
0.305346
-0.290308
-0.588757
0.149177
-0.395554
0.234273
-0.356873
0.252717
-0.347120
0.258988
-0.342433
0.263436
-0.338248
0.267869
-0.333225
0.273634
-0.326210
0.282001
-0.316012
0.294273
-0.301133
-0.284636
0.042850
-0.439683
0.215528
-0.362128
0.251475
-0.344109
0.261972
-0.336582
0.268602
-0.329410
0.276738
-0.319637
0.288405
-0.305497
-0.185292
-0.546819
0.156535
-0.396004
0.222840
-0.365676
0.237274
-0.357906
0.242250
-0.354064
0.245844
-0.350575
0.249644
-0.346706
0.254019
-0.342252
0.258900
-0.336686
0.265260
-0.328914
0.274506
-0.317617
0.288082
-0.301135
-0.583977
0.141735
-0.397537
0.224252
-0.359122
0.243400
-0.348235
0.251111
-0.341956
0.257082
-0.335131
0.264920
-0.325583
0.276304
-0.311712
-0.080549
-0.493525
0.181752
-0.375705
0.235697
-0.349083
0.250433
-0.338531
0.259682
-0.328558
0.270976
-0.315015
-0.015253
-0.460787
0.198401
-0.363274
0.244412
-0.337913
0.261296
-0.323097
0.276501
-0.305690
-0.597241
0.123955
-0.404344
0.212681
-0.362622
0.233734
-0.350386
0.242422
-0.342721
0.250077
-0.333789
0.260437
-0.321159
0.101142
-0.402071
0.226494
-0.339843
0.261530
-0.314354
-0.554225
0.146177
-0.389385
0.220010
-0.353078
0.239743
-0.339087
0.251876
-0.326100
0.187086
-0.359240
0.246071
-0.324128
-0.299406
-0.496232
0.176046
-0.363416
0.239679
-0.325932
0.229723
-0.330854
-0.095605
-0.505713
0.148562
-0.395323
0.198613
-0.370596
0.212068
-0.361755
0.219195
-0.355308
0.225746
-0.348300
0.233319
-0.339012
0.244177
-0.325612
-0.127537
-0.513732
0.147187
-0.388574
0.204984
-0.359255
0.221594
-0.346892
0.232537
-0.334844
0.246131
-0.318407
-0.603266
0.094996
-0.413266
0.186628
-0.369002
0.209660
-0.354699
0.220204
-0.344199
0.231337
-0.330859
-0.023796
-0.459557
0.170535
-0.367459
0.216549
-0.339138
0.174560
-0.358923
0.227148
-0.324734
-0.604055
0.086191
-0.411783
0.183322
-0.363721
0.209111
-0.345650
0.224364
-0.329422
-0.368319
0.025088
-0.438622
0.166772
-0.370601
0.201189
-0.348686
0.218004
-0.331835
-0.336668
-0.231669
-0.496375
0.133525
-0.386725
0.185288
-0.357890
0.203879
-0.341593
0.196592
-0.336751
-0.267731
-0.270468
0.085525
-0.411524
0.163912
-0.372156
0.185368
-0.357025
0.197834
-0.343582
0.187974
-0.341468
-0.435936
0.171145
-0.339114
-0.554436
0.096782
-0.397451
0.170745
-0.356819
0.196436
-0.334027
-0.360046
0.195186
-0.329841
-0.348290
0.198656
-0.327447
-0.389329
0.175842
-0.340635
-0.155598
-0.523751
0.086227
-0.410752
0.138887
-0.382945
0.155015
-0.371227
0.164576
-0.361101
0.175055
-0.348067
0.128109
-0.369298
0.151343
-0.352193
-0.492006
0.118249
-0.365368
-0.497403
0.109612
-0.370395
0.141859
-0.353276
-0.332120
-0.010197
-0.445318
0.114807
-0.383093
0.147235
-0.361051
0.164604
-0.342843
-0.469689
