-0.700254
3.141590
3.141590
3.141592
3.141571
3.141735
3.140455
3.144485
3.141994
3.145523
3.142843
3.146315
3.143643
3.147148
3.144528
3.148089
3.145537
3.146286
3.142139
3.144724
3.141364
3.144286
3.141065
3.144039
3.140832
3.143802
3.140584
3.143537
3.140301
3.143233
3.139976
3.142883
3.139602
3.142480
3.139171
3.142016
3.138674
3.141482
3.138104
3.140869
3.137449
3.140165
3.136697
3.139356
3.135834
3.138429
3.134964
3.137570
3.136791
3.140916
3.138308
3.141646
3.138699
3.141897
3.138895
3.142075
3.139073
3.142260
3.139271
3.142471
3.139497
3.142714
3.139759
3.142994
3.140061
3.143317
3.140409
3.143689
3.140809
3.144117
3.141270
3.144609
3.141799
3.145175
3.142408
3.145826
3.143107
3.146572
3.143909
3.147428
3.144829
3.148048
3.145265
3.147915
3.144785
3.148056
3.145263
3.147757
3.144521
3.147700
3.144811
3.148202
3.145485
3.146021
3.141759
3.144265
3.140845
3.143708
3.140432
3.143344
3.140077
3.142977
3.139690
3.142563
3.139249
3.142089
3.138742
3.141544
3.138160
3.140918
3.137491
3.140198
3.136723
3.139373
3.135841
3.138425
3.134829
3.137338
3.136286
3.140261
3.137545
3.140801
3.137769
3.140889
3.137798
3.140891
3.137788
3.140875
3.137768
3.140852
3.137742
3.140823
3.137709
3.140785
3.137666
3.140736
3.137609
3.140670
3.137532
3.140579
3.137424
3.140452
3.137273
3.140272
3.137059
3.140016
3.136753
3.139649
3.136313
3.139121
3.135679
3.138337
3.134785
3.137331
3.137057
3.141433
3.138978
3.142421
3.139570
3.142853
3.139945
3.143216
3.140320
3.143610
3.140741
3.144058
3.141222
3.144573
3.141776
3.145165
3.142412
3.145845
3.143143
3.146625
3.143982
3.147521
3.144944
3.147610
3.144475
3.147730
3.144913
3.148382
3.145775
3.145425
3.140745
3.143022
3.139462
3.142210
3.138838
3.141647
3.138282
3.141069
3.137673
3.140419
3.136980
3.139675
3.136186
3.138822
3.135276
3.137843
3.134746
3.137602
3.134114
3.136661
3.137730
3.142751
3.140662
3.144336
3.141681
3.145132
3.142408
3.145853
3.143159
3.146644
3.144004
3.147545
3.144971
3.147774
3.144727
3.148055
3.145318
3.147464
3.144018
3.147034
3.143987
3.147204
3.144279
3.147592
3.144760
3.148176
3.145467
3.146278
3.142160
3.144761
3.141410
3.144340
3.141125
3.144106
3.140905
3.143883
3.140672
3.143633
3.140405
3.143347
3.140099
3.143017
3.139746
3.142636
3.139339
3.142199
3.138871
3.141695
3.138333
3.141116
3.137715
3.140452
3.137004
3.139688
3.136189
3.138812
3.135254
3.137808
3.135551
3.138937
3.135880
3.138892
3.135638
3.138521
3.135159
3.137931
3.134445
3.137051
3.137620
3.142403
3.140183
3.143776
3.141054
3.144448
3.141663
3.145050
3.142289
3.145709
3.142993
3.146460
3.143799
3.147320
3.144723
3.148307
3.145783
3.146460
3.142291
3.144880
3.141532
3.144475
3.141275
3.144276
3.141095
3.144096
3.140908
3.143897
3.140696
3.143669
3.140452
3.143405
3.140170
3.143101
3.139844
3.142751
3.139470
3.142348
3.139038
3.141884
3.138542
3.141350
3.137973
3.140738
3.137318
3.140034
3.136566
3.139226
3.135704
3.138300
3.136033
3.139432
3.136402
3.139449
3.136240
3.139178
3.135882
3.138734
3.135344
3.138085
3.136353
3.140032
3.137184
3.140380
3.137319
3.140423
3.137321
3.140406
3.137293
3.140370
3.137252
3.140322
3.137196
3.140257
3.137120
3.140169
3.137017
3.140047
3.136872
3.139876
3.136669
3.139633
3.136379
3.139287
3.135965
3.138790
3.135369
3.138058
3.137171
3.141283
3.138711
3.142104
3.139230
3.142502
3.139590
3.142859
3.139961
3.143250
3.140381
3.143698
3.140862
3.144212
3.141415
3.144804
3.142052
3.145484
3.142783
3.146265
3.143623
3.147162
3.144587
3.148192
3.145693
3.147522
3.143939
3.146895
3.143822
3.147027
3.144096
3.147406
3.144572
3.147985
3.145272
3.148777
3.146234
3.145534
3.140705
3.142920
3.139337
3.142079
3.138709
3.141523
3.138166
3.140962
3.137576
3.140332
3.136905
3.139612
3.136136
3.138787
3.135255
3.137841
3.135795
3.139315
3.136368
3.139489
3.136357
3.139383
3.136192
3.139169
3.135929
3.138853
3.135550
3.138398
3.135005
3.137743
3.135799
3.139374
3.136464
3.139617
3.136519
3.139583
3.136437
3.139468
3.136293
3.139295
3.136086
3.139048
3.135792
3.138696
3.135371
3.138193
3.134767
3.137455
3.137232
3.141663
3.139275
3.142784
3.140011
3.143371
3.140553
3.143912
3.141120
3.144511
3.141760
3.145194
3.142495
3.145979
3.143338
3.146880
3.144307
3.147914
3.145418
3.147342
3.143807
3.146794
3.143745
3.146975
3.144072
3.147414
3.144619
3.148080
3.145431
3.147170
3.143538
3.146461
3.143360
3.146536
3.143572
3.146843
3.143964
3.147323
3.144543
3.148020
3.145400
3.146047
3.141865
3.144448
3.141097
3.144039
3.140838
3.143838
3.140657
3.143658
3.140470
3.143459
3.140258
3.143231
3.140014
3.142968
3.139733
3.142666
3.139410
3.142318
3.139038
3.141918
3.138610
3.141458
3.138119
3.140930
3.137555
3.140324
3.136908
3.139628
3.136165
3.138830
3.135313
3.137916
3.134930
3.137872
3.134469
3.137120
3.136701
3.141012
3.138526
3.141954
3.139093
3.142369
3.139456
3.142722
3.139820
3.143105
3.140230
3.143542
3.140700
3.144044
3.141240
3.144622
3.141862
3.145286
3.142576
3.146050
3.143397
3.146926
3.144339
3.147932
3.145420
3.145738
3.141397
3.143887
3.140478
3.143368
3.140122
3.143074
3.139846
3.142793
3.139553
3.142481
3.139221
3.142124
3.138839
3.141714
3.138401
3.141243
3.137898
3.140702
3.137320
3.140081
3.136658
3.139370
3.135898
3.138553
3.135027
3.137618
3.135546
3.139056
3.136106
3.139228
3.136099
3.139129
3.135943
3.138928
3.135697
3.138632
3.135342
3.138207
3.134833
3.137597
3.134723
3.137736
3.134390
3.137111
3.136841
3.141240
3.138824
3.142308
3.139508
3.142841
3.139993
3.143322
3.140495
3.143852
3.141062
3.144457
3.141712
3.145152
3.142459
3.145950
3.143318
3.146867
3.144304
3.147920
3.145436
3.146154
3.142025
3.144662
3.141362
3.144361
3.141216
3.144281
3.141163
3.144239
3.141124
3.144198
3.141081
3.144152
3.141031
3.144098
3.140973
3.144034
3.140904
3.143960
3.140825
3.143874
3.140732
3.143774
3.140624
3.143657
3.140500
3.143523
3.140355
3.143367
3.140189
3.143188
3.139996
3.142980
3.139775
3.142742
3.139520
3.142467
3.139226
3.142152
3.138889
3.141789
3.138501
3.141372
3.138056
3.140894
3.137546
3.140345
3.136960
3.139716
3.136288
3.138995
3.135518
3.138168
3.135208
3.138190
3.134835
3.137553
3.136450
3.140451
3.137812
3.141158
3.138240
3.141475
3.138520
3.141747
3.138802
3.142045
3.139122
3.142387
3.139490
3.142781
3.139914
3.143235
3.140403
3.143758
3.140967
3.144361
3.141615
3.145054
3.142361
3.145851
3.143218
3.146766
3.144202
3.147817
3.145331
3.146155
3.142079
3.144748
3.141468
3.144486
3.141357
3.144441
3.141341
3.144436
3.141341
3.144439
3.141344
3.144442
3.141347
3.144445
3.141350
3.144446
3.141351
3.144447
3.141350
3.144446
3.141348
3.144443
3.141345
3.144438
3.141339
3.144431
3.141331
3.144422
3.141320
3.144410
3.141307
3.144394
3.141290
3.144375
3.141268
3.144351
3.141242
3.144323
3.141211
3.144289
3.141174
3.144248
3.141130
3.144200
3.141078
3.144143
3.141016
3.144076
3.140944
3.143998
3.140861
3.143908
3.140763
3.143802
3.140650
3.143680
3.140519
3.143538
3.140367
3.143375
3.140192
3.143186
3.139990
3.142968
3.139757
3.142717
3.139489
3.142429
3.139180
3.142097
3.138826
3.141716
3.138418
3.141278
3.137950
3.140775
3.137414
3.140198
3.136798
3.139537
3.136092
3.138778
3.135282
3.137909
3.136200
3.139908
3.137099
3.140335
3.137322
3.140474
3.137428
3.140569
3.137524
3.140670
3.137632
3.140786
3.137758
3.140922
3.137906
3.141081
3.138079
3.141267
3.138280
3.141483
3.138514
3.141734
3.138785
3.142025
3.139099
3.142362
3.139463
3.142751
3.139882
3.143200
3.140366
3.143718
3.140923
3.144313
3.141564
3.144999
3.142301
3.145786
3.143148
3.146691
3.144121
3.147731
3.145238
3.145580
3.141260
3.143776
3.140391
3.143309
3.140092
3.143076
3.139881
3.142866
3.139662
3.142634
3.139416
3.142369
3.139134
3.142066
3.138810
3.141717
3.138437
3.141317
3.138010
3.140858
3.137520
3.140331
3.136957
3.139727
3.136313
3.139035
3.135574
3.138242
3.134727
3.137333
3.135547
3.139206
3.136355
3.139554
3.136502
3.139616
3.136527
3.139625
3.136531
3.139628
3.136534
3.139633
3.136541
3.139642
3.136553
3.139656
3.136570
3.139677
3.136594
3.139704
3.136626
3.139740
3.136666
3.139785
3.136716
3.139840
3.136778
3.139908
3.136852
3.139989
3.136942
3.140087
3.137049
3.140202
3.137175
3.140339
3.137324
3.140500
3.137499
3.140688
3.137703
3.140908
3.137941
3.141164
3.138218
3.141461
3.138539
3.141806
3.138911
3.142205
3.139341
3.142665
3.139838
3.143197
3.140410
3.143809
3.141069
3.144514
3.141828
3.145325
3.142701
3.146258
3.143704
3.146046
3.142715
3.145817
3.142853
3.146161
3.143342
3.146782
3.144112
3.144952
3.140860
3.143492
3.140172
3.143139
3.139960
3.142984
3.139825
3.142852
3.139690
3.142710
3.139539
3.142548
3.139367
3.142363
3.139168
3.142150
3.138941
3.141905
3.138680
3.141625
3.138381
3.141304
3.138038
3.140936
3.137645
3.140514
3.137195
3.140030
3.136679
3.139477
3.136089
3.138843
3.135412
3.138116
3.134638
3.137285
3.133751
3.136334
3.133954
3.137275
3.134177
3.137155
3.133868
3.136714
3.133310
3.136029
3.134330
3.138016
3.135163
3.138351
3.135279
3.138370
3.135253
3.138319
3.135187
3.138240
3.135094
3.138133
3.134969
3.137987
3.134798
3.137785
3.134560
3.137503
3.134225
3.137104
3.133748
3.136534
3.133067
3.135691
3.135697
3.140238
3.137914
3.141464
3.138726
3.142117
3.139335
3.142727
3.139974
3.143403
3.140699
3.144177
3.141531
3.145067
3.142489
3.146091
3.143590
3.145493
3.141946
3.144923
3.141866
3.145088
3.142177
3.145510
3.142706
3.146156
3.143494
3.145386
3.141828
3.144791
3.141717
3.144919
3.141983
3.145287
3.142448
3.145855
3.143135
3.145631
3.142408
3.145608
3.142748
3.146176
3.143509
3.143457
3.138925
3.141295
3.137800
3.140609
3.137292
3.140163
3.136859
3.139717
3.136391
3.139219
3.135862
3.138652
3.135257
3.138003
3.134566
3.137262
3.133775
3.136414
3.132871
3.135444
3.132401
3.135294
3.131841
3.134430
3.134717
3.139358
3.137051
3.140585
3.137811
3.141158
3.138322
3.141660
3.138844
3.142211
3.139433
3.142841
3.140111
3.143566
3.140892
3.144401
3.141791
3.145363
3.142826
3.143461
3.139265
3.141832
3.138466
3.141389
3.138171
3.141152
3.137952
3.140933
3.137725
3.140692
3.137470
3.140419
3.137179
3.140107
3.136847
3.139752
3.136469
3.139346
3.136036
3.138883
3.135542
3.138353
3.134978
3.137748
3.134334
3.137057
3.133597
3.136267
3.132755
3.135365
3.131793
3.134333
3.134276
3.138763
3.136380
3.139874
3.137072
3.140400
3.137545
3.140867
3.138031
3.141380
3.138581
3.141968
3.139215
3.142646
3.139946
3.143429
3.140788
3.144330
3.141759
3.144683
3.141717
3.145115
3.142464
3.143037
3.138818
3.141379
3.138014
3.140944
3.137733
3.140724
3.137534
3.140527
3.137331
3.140312
3.137103
3.140069
3.136845
3.139793
3.136552
3.139479
3.136217
3.139121
3.135836
3.138713
3.135402
3.138247
3.134906
3.137716
3.134341
3.137110
3.133695
3.136419
3.132959
3.135629
3.132117
3.134727
3.131157
3.133697
3.133537
3.137973
3.135560
3.139034
3.136215
3.139528
3.136657
3.139963
3.137110
3.140442
3.137624
3.140992
3.138217
3.141627
3.138902
3.142361
3.139692
3.143207
3.140604
3.144183
3.141655
3.142251
3.138040
3.140604
3.137240
3.140169
3.136957
3.139946
3.136755
3.139746
3.136549
3.139528
3.136319
3.139284
3.136060
3.139007
3.135765
3.138692
3.135430
3.138334
3.135050
3.137927
3.134617
3.137463
3.134124
3.136936
3.133562
3.136334
3.132922
3.135649
3.132192
3.134867
3.131360
3.133976
3.130464
3.133049
3.132521
3.136780
3.134268
3.137680
3.134809
3.138078
3.135159
3.138420
3.135515
3.138797
3.135920
3.139231
3.136390
3.139736
3.136935
3.140321
3.137567
3.140998
3.138298
3.141782
3.139143
3.142687
3.140118
3.142980
3.139976
3.143344
3.140661
3.141773
3.137819
3.140539
3.137280
3.140306
3.137180
3.140265
3.137166
3.140266
3.137176
3.140283
3.137202
3.140317
3.137246
3.140374
3.137318
3.140463
3.137428
3.140600
3.137596
3.140805
3.137846
3.141110
3.138217
3.141560
3.138762
3.142220
3.139589
3.141115
3.137336
3.140129
3.136897
3.139930
3.136802
3.139881
3.136774
3.139862
3.136760
3.139851
3.136750
3.139843
3.136744
3.139839
3.136743
3.139841
3.136749
3.139851
3.136765
3.139874
3.136795
3.139915
3.136848
3.139981
3.136932
3.140086
3.137061
3.140246
3.137257
3.140485
3.137550
3.140842
3.137983
3.141367
3.138629
3.140950
3.137578
3.140628
3.137599
3.140831
3.137923
3.141257
3.138453
3.141575
3.138700
3.140033
3.136142
3.138849
3.135549
3.138510
3.135315
3.138316
3.135134
3.138135
3.134948
3.137939
3.134742
3.137721
3.134510
3.137475
3.134250
3.137198
3.133957
3.136885
3.133626
3.136532
3.133251
3.136133
3.132827
3.135680
3.132347
3.135167
3.131801
3.134584
3.131182
3.133922
3.130478
3.133169
3.129678
3.132312
3.128767
3.131337
3.127729
3.130227
3.128112
3.131553
3.128517
3.131534
3.128281
3.131165
3.127807
3.130586
3.127112
3.129748
3.128362
3.132165
3.129342
3.132521
3.129422
3.132473
3.129307
3.132317
3.129118
3.132093
3.128856
3.131788
3.128499
3.131368
3.128003
3.130780
3.127306
3.129928
3.127523
3.130818
3.127692
3.130640
3.127320
3.130130
3.126686
3.129352
3.128405
3.132454
3.129813
3.133136
3.130185
3.133383
3.130387
3.133574
3.130585
3.133786
3.130816
3.134036
3.131091
3.134335
3.131417
3.134688
3.131803
3.135106
3.132257
3.135595
3.132789
3.136169
3.133410
3.136837
3.134134
3.137615
3.134975
3.138518
3.135950
3.138276
3.134931
3.138022
3.135048
3.138349
3.135527
3.138966
3.136302
3.136472
3.132048
3.134484
3.131032
3.133884
3.130604
3.133521
3.130261
3.133174
3.129902
3.132796
3.129504
3.132375
3.129059
3.131901
3.128559
3.131369
3.127994
3.130768
3.127358
3.130089
3.126638
3.129322
3.125824
3.128453
3.124902
3.127468
3.124836
3.127991
3.124757
3.127599
3.124165
3.126830
3.125478
3.129323
3.126558
3.129797
3.126770
3.129899
3.126830
3.129946
3.126876
3.129997
3.126937
3.130069
3.127021
3.130165
3.127133
3.130291
3.127276
3.130451
3.127455
3.130649
3.127675
3.130891
3.127943
3.131184
3.128266
3.131536
3.128651
3.131954
3.129108
3.132448
3.129646
3.133030
3.130279
3.133713
3.131020
3.134510
3.131883
3.135438
3.132888
3.133576
3.129401
3.131980
3.128620
3.131552
3.128343
3.131337
3.128151
3.131152
3.127966
3.130962
3.127770
3.130759
3.127559
3.130539
3.127330
3.130299
3.127080
3.130037
3.126807
3.129751
3.126507
3.129435
3.126176
3.129087
3.125811
3.128701
3.125406
3.128273
3.124955
3.127796
3.124453
3.127264
3.123891
3.126668
3.123262
3.126000
3.122556
3.125249
3.121762
3.124404
3.120867
3.123451
3.120731
3.123841
3.120578
3.123398
3.119945
3.122584
3.121767
3.125884
3.123293
3.126655
3.123746
3.126982
3.124034
3.127268
3.124337
3.127594
3.124695
3.127984
3.125124
3.128450
3.125634
3.129003
3.126238
3.129657
3.126949
3.130426
3.127785
3.131326
3.128761
3.131317
3.128123
3.131344
3.128507
3.131965
3.129354
3.128508
3.123595
3.125753
3.122127
3.124831
3.121428
3.124213
3.120828
3.123600
3.120193
3.122932
3.119490
3.122187
3.118704
3.121352
3.117822
3.120415
3.116831
3.119360
3.118330
3.122330
3.119656
3.122952
3.119980
3.123158
3.120145
3.123315
3.120313
3.123499
3.120520
3.123731
3.120780
3.124018
3.121101
3.124371
3.121491
3.124799
3.121963
3.125313
3.122527
3.125925
3.123196
3.126651
3.123987
3.127505
3.124916
3.126827
3.123243
3.126159
3.123029
3.126167
3.123163
3.126391
3.123471
3.126789
3.123973
3.127414
3.124763
3.123781
3.118779
3.120859
3.117165
3.119797
3.116326
3.119032
3.115573
3.118258
3.114767
3.117409
3.113875
3.116463
3.112877
3.115404
3.112056
3.114726
3.112367
3.115657
3.112509
3.115422
3.112066
3.114835
3.111351
3.113975
3.112794
3.116703
3.113961
3.117201
3.114172
3.117295
3.114225
3.117337
3.114272
3.117397
3.114349
3.117490
3.114464
3.117627
3.114625
3.117813
3.114840
3.118055
3.115115
3.118363
3.115461
3.118746
3.115887
3.119215
3.116406
3.119782
3.117030
3.120463
3.117776
3.121272
3.118661
3.120728
3.117212
3.120159
3.117047
3.120198
3.117210
3.120459
3.117566
3.120919
3.118149
3.119520
3.115670
3.118432
3.115191
3.118227
3.115120
3.118231
3.115178
3.118339
3.115339
3.118561
3.115634
3.118944
3.116122
3.119361
3.116576
3.116059
3.111264
3.113445
3.109806
3.112476
3.109035
3.111773
3.108346
3.111070
3.107619
3.110309
3.106823
3.109471
3.105945
3.108544
3.104971
3.107515
3.103888
3.106369
3.103289
3.106125
3.102614
3.105140
3.104617
3.108819
3.106226
3.109543
3.106574
3.109741
3.106720
3.109878
3.106871
3.110049
3.107071
3.110279
3.107337
3.110581
3.107680
3.110965
3.108112
3.111443
3.108645
3.112031
3.109296
3.112743
3.110080
3.112498
3.109181
3.112271
3.109296
3.112595
3.109785
3.111117
3.107226
3.109939
3.106649
3.109631
3.106465
3.109508
3.106380
3.109452
3.106352
3.109456
3.106392
3.109539
3.106528
3.109739
3.106803
3.110106
3.107281
3.108724
3.104878
3.107607
3.104322
3.107302
3.104134
3.107173
3.104040
3.107108
3.104004
3.107104
3.104038
3.107183
3.104170
3.107379
3.104444
3.107748
3.104927
3.104750
3.100099
3.102339
3.098724
3.101403
3.097968
3.100711
3.097292
3.100026
3.096589
3.099296
3.095832
3.098507
3.095011
3.097648
3.094116
3.096709
3.093135
3.095680
3.092058
3.094546
3.090870
3.093295
3.090458
3.093425
3.090016
3.092661
3.089159
3.091662
3.091116
3.095284
3.092658
3.095938
3.092936
3.096066
3.093014
3.096137
3.093101
3.096247
3.093243
3.096422
3.093457
3.096675
3.093757
3.097020
3.094154
3.097469
3.094663
3.098037
3.095301
3.098744
3.096087
3.096326
3.091885
3.094254
3.090732
3.093499
3.090146
3.092982
3.089656
3.092499
3.089173
3.092011
3.088678
3.091507
3.088166
3.090984
3.087634
3.090441
3.087080
3.089875
3.086501
3.089282
3.085894
3.088659
3.085256
3.088002
3.084582
3.087307
3.083867
3.086569
3.083106
3.085782
3.082294
3.084940
3.081423
3.084034
3.080485
3.083057
3.079470
3.081999
3.078369
3.080848
3.077723
3.080532
3.077027
3.079570
3.077805
3.081400
3.078478
3.081582
3.078456
3.081481
3.078333
3.081361
3.078230
3.081278
3.078175
3.081250
3.078179
3.081287
3.078254
3.081400
3.078410
3.081598
3.078659
3.081897
3.079016
3.082310
3.079495
3.082854
3.080116
3.083550
3.080899
3.082453
3.078677
3.081453
3.078231
3.081279
3.078214
3.081378
3.078423
3.081705
3.078886
3.079693
3.075554
3.078125
3.074761
3.077680
3.074484
3.077496
3.074364
3.077435
3.074365
3.077506
3.074521
3.077763
3.074899
3.076978
3.073455
3.076372
3.073256
3.076399
3.073443
3.076732
3.073929
3.070678
3.073829
3.070986
3.073237
3.069801
3.072764
3.069684
3.072861
3.069946
3.071613
3.067860
3.070609
3.067346
3.070331
3.067201
3.070281
3.067237
3.070410
3.067472
3.069870
3.066510
3.069521
3.066482
3.069699
3.066832
3.063284
3.066267
3.063309
3.065392
3.061825
3.064657
3.061441
3.064456
3.061358
3.064471
3.061473
3.064698
3.061835
3.058079
3.060910
3.057811
3.060957
3.058039
3.060319
3.056849
3.059732
3.056556
3.059606
3.056552
3.059714
3.056782
3.054695
3.053138
3.052283
3.049236
3.052245
3.049071
3.052041
3.048869
3.051857
3.048717
3.051738
3.048640
3.051703
3.048654
3.051764
3.048772
3.051938
3.049011
3.050439
3.046474
3.048972
3.045474
3.048178
3.044771
3.047517
3.044132
3.046891
3.043516
3.046284
3.042917
3.045693
3.042336
3.045123
3.041776
3.044575
3.041241
3.044055
3.040736
3.043567
3.040265
3.043116
3.039834
3.042710
3.039451
3.042352
3.039125
3.042063
3.038880
3.041872
3.038755
3.041827
3.038805
3.039136
3.034710
3.037016
3.033454
3.036144
3.032757
3.035533
3.032194
3.035002
3.031688
3.034521
3.031231
3.034091
3.030828
3.033718
3.030492
3.033426
3.030254
3.033253
3.030158
3.033251
3.030270
3.026820
3.029767
3.026760
3.026020
3.020995
3.022847
3.018939
3.021259
3.017544
3.019932
3.016233
3.018609
3.014891
3.017237
3.013490
3.015801
3.012019
3.014288
3.010468
3.012690
3.008826
3.010995
3.007082
3.009190
3.007562
3.011030
3.007952
3.010791
3.007433
3.010143
3.006720
3.009391
3.005938
3.008579
3.005095
3.007700
3.004174
3.006727
3.003140
3.005604
3.001961
3.004368
3.000692
3.003073
2.999375
3.001731
2.998013
3.000344
2.996602
2.998904
2.995137
2.997407
2.993611
2.995846
2.992017
2.994212
2.991917
2.995090
2.991911
2.994711
2.991380
2.994126
2.990786
2.993545
2.990232
2.993029
2.989767
2.992615
2.989418
2.992323
2.989191
2.992159
2.989100
2.992139
2.989165
2.992286
2.989409
2.992282
2.989274
2.989588
2.985172
2.987435
2.983888
2.986550
2.983202
2.985979
2.982718
2.985576
2.982403
2.985363
2.982312
2.985418
2.982554
2.976688
2.978220
2.974283
2.976663
2.973109
2.975669
2.972209
2.974828
2.971410
2.974069
2.970688
2.973387
2.970048
2.972794
2.969511
2.972323
2.969122
2.972032
2.968950
2.972003
2.969100
2.963213
2.964704
2.960749
2.963092
2.959523
2.962050
2.958579
2.961169
2.957744
2.960379
2.956996
2.959675
2.956343
2.959079
2.955817
2.958637
2.955477
2.958420
2.955408
2.952562
2.952990
2.948594
2.950749
2.947128
2.949642
2.946201
2.948821
2.945455
2.948141
2.944847
2.947614
2.944418
2.947302
2.944247
2.942394
2.936926
2.938491
2.934531
2.936760
2.933103
2.935476
2.931897
2.934319
2.930779
2.933237
2.929731
2.932228
2.928761
2.931301
2.927878
2.930467
2.927100
2.929753
2.926464
2.929209
2.926033
2.928914
2.925902
2.920063
2.921480
2.917505
2.919747
2.916156
2.918590
2.915107
2.917619
2.914199
2.916770
2.913419
2.916068
2.912812
2.915575
2.912458
2.911652
2.906717
2.908535
2.904778
2.907135
2.903644
2.906148
2.902763
2.905360
2.902074
2.904784
2.901634
2.901481
2.896873
2.898857
2.895224
2.897669
2.894289
2.896902
2.893671
2.896436
2.893380
2.887407
2.888647
2.884603
2.886730
2.883104
2.885441
2.881937
2.884362
2.880934
2.883435
2.880097
2.882702
2.879490
2.880501
2.876481
2.878746
2.875347
2.877963
2.874819
2.869277
2.870738
2.866845
2.869045
2.865514
2.867911
2.864521
2.867039
2.863778
2.865649
2.862057
2.864517
2.861276
2.858282
2.853320
2.855080
2.851446
2.853843
2.850584
2.852881
2.849572
2.848616
2.843559
2.845045
2.841091
2.843078
2.839372
2.841492
2.837875
2.840067
2.836514
2.838771
2.835288
2.837621
2.834231
2.836673
2.833417
2.832141
2.827004
2.828476
2.824590
2.826640
2.823048
2.825263
2.821795
2.824120
2.820771
2.823233
2.820049
2.814016
2.814966
2.810833
2.812700
2.809010
2.811106
2.807559
2.809761
2.806319
2.808633
2.805324
2.805086
2.800491
2.802196
2.798521
2.800687
2.797295
2.799041
2.795452
2.797723
2.794476
2.788435
2.789297
2.785179
2.787013
2.783375
2.785467
2.782010
2.784254
2.780959
2.777276
2.777527
2.773141
2.774809
2.771103
2.773115
2.769628
2.771808
2.768489
2.765123
2.762806
2.757842
2.759177
2.755310
2.757163
2.753584
2.755623
2.752207
2.754173
2.750806
2.748128
2.745424
2.746279
2.742164
2.743803
2.740081
2.741935
2.738365
2.740343
2.736907
2.738787
2.735372
2.731013
2.732724
2.729333
2.723789
2.724757
2.720782
2.722489
2.718921
2.720886
2.717545
2.713945
2.715897
2.712598
2.709115
2.711102
2.707828
2.703934
2.705693
2.702286
2.700730
2.695493
2.696355
2.692248
2.693636
2.689807
2.691357
2.687645
2.689291
2.685680
2.687430
2.683950
2.685231
2.681538
2.683051
2.679529
2.674609
2.675792
2.672138
2.667164
2.668260
2.664556
2.665975
2.662442
2.659121
2.659019
2.654565
2.655714
2.651883
2.653355
2.649744
2.651390
2.647962
2.643265
