0.000000
-0.000000
0.000000
-0.000001
0.000009
-0.000071
0.000555
-0.002594
-0.002028
-0.005308
-0.004900
-0.008380
-0.008168
-0.011887
-0.011903
-0.015897
-0.016174
-0.017516
-0.015262
-0.016697
-0.014472
-0.015885
-0.013617
-0.014980
-0.012648
-0.013949
-0.011542
-0.012771
-0.010278
-0.011424
-0.008831
-0.009884
-0.007177
-0.008122
-0.005285
-0.006107
-0.003122
-0.003802
-0.000647
-0.001167
0.002182
0.001848
0.005419
0.005295
0.009120
0.009237
0.013169
0.013488
0.014902
0.012733
0.014251
0.012123
0.013630
0.011473
0.012943
0.010739
0.012161
0.009901
0.011269
0.008942
0.010248
0.007847
0.009081
0.006593
0.007746
0.005160
0.006219
0.003521
0.004473
0.001646
0.002477
-0.000498
0.000193
-0.002950
-0.002419
-0.005754
-0.005406
-0.008961
-0.008822
-0.012629
-0.012729
-0.016269
-0.016419
-0.019265
-0.018751
-0.022126
-0.022225
-0.024787
-0.023936
-0.026907
-0.026519
-0.030037
-0.030213
-0.031386
-0.028937
-0.030193
-0.027752
-0.028962
-0.026449
-0.027580
-0.024968
-0.026003
-0.023276
-0.024202
-0.021342
-0.022141
-0.019130
-0.019785
-0.016599
-0.017090
-0.013706
-0.014008
-0.010396
-0.010483
-0.006612
-0.006451
-0.002283
-0.001841
-0.000189
-0.002080
-0.000306
-0.002125
-0.000328
-0.002133
-0.000328
-0.002126
-0.000313
-0.002104
-0.000281
-0.002060
-0.000224
-0.001986
-0.000129
-0.001867
0.000019
-0.001683
0.000246
-0.001404
0.000587
-0.000988
0.001094
-0.000373
0.001841
0.000533
0.002938
0.001861
0.004544
0.003802
0.006889
0.006634
0.010308
0.010368
0.014417
0.014747
0.015895
0.013427
0.014672
0.012220
0.013421
0.010897
0.012018
0.009395
0.010419
0.007678
0.008591
0.005716
0.006501
0.003471
0.004110
0.000905
0.001376
-0.002031
-0.001751
-0.005388
-0.005327
-0.009228
-0.009417
-0.012183
-0.011570
-0.014827
-0.014782
-0.018712
-0.019072
-0.019944
-0.017168
-0.018136
-0.015356
-0.016248
-0.013353
-0.014122
-0.011074
-0.011696
-0.008471
-0.008924
-0.005494
-0.005753
-0.002090
-0.002127
0.001803
0.002020
0.005467
0.005657
0.009875
0.010371
0.010989
0.007939
0.008664
0.005598
0.006221
0.003004
0.003467
0.000052
0.000326
-0.003320
-0.003266
-0.007176
-0.007374
-0.010355
-0.009998
-0.013560
-0.013781
-0.015895
-0.014516
-0.016856
-0.015710
-0.018315
-0.017482
-0.020460
-0.020076
-0.023595
-0.023818
-0.025179
-0.022947
-0.024402
-0.022199
-0.023633
-0.021390
-0.022778
-0.020475
-0.021803
-0.019429
-0.020689
-0.018233
-0.019416
-0.016866
-0.017960
-0.015302
-0.016294
-0.013514
-0.014389
-0.011469
-0.012210
-0.009129
-0.009719
-0.006454
-0.006869
-0.003395
-0.003611
0.000104
0.000117
0.004106
0.004379
0.006585
0.005313
0.007780
0.006788
0.009577
0.008966
0.012213
0.012151
0.016060
0.016461
0.017260
0.014406
0.015305
0.012444
0.013260
0.010274
0.010957
0.007805
0.008329
0.004985
0.005325
0.001760
0.001890
-0.001928
-0.002039
-0.006147
-0.006532
-0.007936
-0.005762
-0.007275
-0.005145
-0.006649
-0.004491
-0.005958
-0.003751
-0.005171
-0.002907
-0.004273
-0.001943
-0.003245
-0.000840
-0.002070
0.000422
-0.000726
0.001865
0.000811
0.003515
0.002568
0.005402
0.004578
0.007561
0.006877
0.010029
0.009507
0.012852
0.012514
0.016081
0.015953
0.019774
0.019886
0.021978
0.020565
0.022862
0.021664
0.024205
0.023294
0.026178
0.025680
0.029061
0.029148
0.030859
0.029008
0.030802
0.029001
0.030816
0.029031
0.030862
0.029094
0.030944
0.029199
0.031077
0.029365
0.031283
0.029620
0.031596
0.030003
0.032064
0.030573
0.032757
0.031414
0.033778
0.032651
0.035274
0.034461
0.037463
0.037105
0.040656
0.040674
0.041865
0.039421
0.040671
0.038222
0.039421
0.036895
0.038013
0.035386
0.036406
0.033661
0.034569
0.031689
0.032469
0.029434
0.030067
0.026855
0.027320
0.023905
0.024178
0.020532
0.020584
0.016673
0.016475
0.012261
0.011775
0.009680
0.011069
0.008734
0.009883
0.007281
0.008117
0.005143
0.005532
0.002019
0.001760
-0.002457
-0.003014
-0.003882
-0.001119
-0.002109
0.000641
-0.000280
0.002578
0.001774
0.004779
0.004117
0.007294
0.006795
0.010169
0.009857
0.013457
0.013360
0.017218
0.017365
0.019256
0.017611
0.019632
0.018102
0.020245
0.018855
0.021161
0.019968
0.022511
0.021602
0.024489
0.023993
0.027379
0.027452
0.029257
0.027513
0.029415
0.027744
0.029717
0.028121
0.030181
0.028689
0.030873
0.029531
0.031896
0.030771
0.033398
0.032590
0.035598
0.035249
0.038811
0.038897
0.039811
0.037062
0.038039
0.035266
0.036161
0.033269
0.034040
0.030996
0.031620
0.028398
0.028854
0.025428
0.025690
0.022031
0.022071
0.018146
0.017933
0.013702
0.013200
0.011041
0.012356
0.009934
0.010979
0.008252
0.008939
0.005783
0.005955
0.002180
0.001757
-0.000268
0.001202
-0.001038
0.000227
-0.002236
-0.001231
-0.004003
-0.003368
-0.006585
-0.006488
-0.010352
-0.010728
-0.012134
-0.009963
-0.011481
-0.009355
-0.010864
-0.008711
-0.010184
-0.007984
-0.009411
-0.007154
-0.008527
-0.006205
-0.007516
-0.005120
-0.006361
-0.003880
-0.005039
-0.002461
-0.003528
-0.000838
-0.001799
0.001018
0.000178
0.003141
0.002439
0.005568
0.005025
0.008345
0.007982
0.011520
0.011364
0.015152
0.015232
0.018397
0.018254
0.022072
0.022318
0.023483
0.021031
0.022286
0.019846
0.021057
0.018546
0.019678
0.017068
0.018105
0.015381
0.016308
0.013451
0.014253
0.011245
0.011902
0.008721
0.009214
0.005834
0.006140
0.002533
0.002624
-0.001242
-0.001397
-0.005559
-0.005996
-0.007265
-0.004940
-0.006322
-0.004034
-0.005390
-0.003054
-0.004353
-0.001944
-0.003172
-0.000676
-0.001822
0.000773
-0.000278
0.002431
0.001487
0.004326
0.003506
0.006494
0.005816
0.008974
0.008457
0.011809
0.011477
0.015052
0.014931
0.018761
0.018882
0.020761
0.019100
0.021102
0.019550
0.021666
0.020243
0.022512
0.021272
0.023760
0.022784
0.025591
0.025000
0.028271
0.028238
0.031230
0.030884
0.034459
0.034589
0.035580
0.032923
0.033986
0.031317
0.032310
0.029537
0.030420
0.027511
0.028264
0.025197
0.025799
0.022551
0.022980
0.019524
0.019756
0.016063
0.016069
0.012104
0.011853
0.007576
0.007030
0.005454
0.007422
0.005711
0.007605
0.005875
0.007764
0.006039
0.007937
0.006222
0.008133
0.006431
0.008356
0.006669
0.008612
0.006941
0.008904
0.007253
0.009239
0.007609
0.009621
0.008016
0.010058
0.008482
0.010558
0.009014
0.011130
0.009624
0.011784
0.010320
0.012532
0.011117
0.013388
0.012028
0.014366
0.013071
0.015485
0.014262
0.016765
0.015625
0.018229
0.017184
0.019902
0.018967
0.021817
0.021006
0.024006
0.023338
0.026510
0.026005
0.029374
0.029056
0.032649
0.032544
0.035517
0.035142
0.038680
0.038691
0.039994
0.037678
0.039044
0.036732
0.038061
0.035691
0.036957
0.034509
0.035698
0.033157
0.034259
0.031612
0.032613
0.029845
0.030731
0.027824
0.028578
0.025513
0.026117
0.022870
0.023301
0.019847
0.020081
0.016390
0.016399
0.012436
0.012187
0.007914
0.007370
0.005741
0.007650
0.005886
0.007717
0.005928
0.007745
0.005952
0.007768
0.005975
0.007792
0.006001
0.007820
0.006031
0.007851
0.006064
0.007887
0.006103
0.007928
0.006146
0.007975
0.006196
0.008029
0.006254
0.008091
0.006319
0.008161
0.006394
0.008241
0.006480
0.008333
0.006578
0.008438
0.006689
0.008558
0.006817
0.008696
0.006964
0.008853
0.007131
0.009033
0.007322
0.009238
0.007541
0.009473
0.007792
0.009742
0.008078
0.010049
0.008405
0.010400
0.008779
0.010802
0.009207
0.011262
0.009697
0.011787
0.010257
0.012389
0.010897
0.013076
0.011629
0.013862
0.012467
0.014761
0.013425
0.015790
0.014520
0.016966
0.015773
0.018311
0.017205
0.019849
0.018844
0.021609
0.020718
0.023621
0.022861
0.025922
0.025312
0.028554
0.028115
0.031563
0.031321
0.035006
0.034988
0.036551
0.034523
0.036148
0.034144
0.035762
0.033739
0.035334
0.033281
0.034847
0.032759
0.034290
0.032161
0.033654
0.031478
0.032926
0.030697
0.032094
0.029804
0.031143
0.028782
0.030055
0.027614
0.028810
0.026278
0.027387
0.024750
0.025759
0.023002
0.023898
0.021003
0.021769
0.018718
0.019334
0.016103
0.016550
0.013114
0.013365
0.009694
0.009723
0.005784
0.005558
0.001311
0.000794
-0.000562
0.001657
0.000175
0.002343
0.000871
0.003070
0.001640
0.003892
0.002514
0.004830
0.003513
0.005902
0.004655
0.007128
0.005961
0.008530
0.007454
0.010134
0.009162
0.011968
0.011116
0.014065
0.013350
0.016464
0.015905
0.019208
0.018828
0.022346
0.022170
0.025934
0.025992
0.027664
0.025766
0.027512
0.025654
0.027410
0.025554
0.027306
0.025445
0.027190
0.025321
0.027059
0.025179
0.026908
0.025017
0.026735
0.024832
0.026538
0.024621
0.026313
0.024379
0.026056
0.024102
0.025761
0.023786
0.025424
0.023425
0.025039
0.023011
0.024599
0.022538
0.024095
0.021998
0.023519
0.021379
0.022860
0.020672
0.022107
0.019863
0.021246
0.018938
0.020261
0.017881
0.019134
0.016671
0.017846
0.015288
0.016372
0.013706
0.014687
0.011897
0.012760
0.009827
0.010556
0.007461
0.008036
0.004755
0.005153
0.001660
0.001856
-0.001880
-0.001914
-0.005929
-0.006227
-0.008593
-0.007509
-0.010200
-0.009474
-0.012584
-0.012357
-0.016064
-0.016409
-0.017897
-0.015816
-0.017416
-0.015386
-0.016987
-0.014941
-0.016518
-0.014441
-0.015986
-0.013871
-0.015379
-0.013219
-0.014685
-0.012474
-0.013891
-0.011621
-0.012983
-0.010646
-0.011944
-0.009531
-0.010756
-0.008256
-0.009398
-0.006797
-0.007844
-0.005129
-0.006067
-0.003221
-0.004035
-0.001039
-0.001711
0.001456
0.000947
0.004310
0.003987
0.007575
0.007464
0.011308
0.011440
0.013711
0.012514
0.015072
0.014189
0.017111
0.016663
0.020107
0.020230
0.021951
0.020118
0.021929
0.020150
0.021994
0.020247
0.022125
0.020415
0.022339
0.020685
0.022674
0.021099
0.023184
0.021725
0.023949
0.022657
0.025083
0.024034
0.026754
0.026060
0.029206
0.029026
0.032793
0.032898
0.033694
0.030814
0.031671
0.028756
0.029516
0.026465
0.027083
0.023856
0.024305
0.020874
0.021129
0.017464
0.017497
0.013564
0.013343
0.009104
0.008592
0.006432
0.007746
0.005324
0.006371
0.003649
0.004344
0.001201
0.001389
-0.002365
-0.002786
-0.004895
-0.003518
-0.005863
-0.004724
-0.007335
-0.006506
-0.009488
-0.009106
-0.012625
-0.012889
-0.015574
-0.014869
-0.018015
-0.017836
-0.021602
-0.021989
-0.023059
-0.020508
-0.021684
-0.019150
-0.020276
-0.017660
-0.018696
-0.015968
-0.016896
-0.014035
-0.014837
-0.011825
-0.012483
-0.009298
-0.009791
-0.006407
-0.006712
-0.003101
-0.003190
0.000680
0.000837
0.004140
0.004166
0.008189
0.008565
0.009475
0.006748
0.007758
0.005032
0.005972
0.003138
0.003963
0.000985
0.001671
-0.001475
-0.000949
-0.004288
-0.003945
-0.007505
-0.007372
-0.011184
-0.011291
-0.015391
-0.015772
-0.017158
-0.014959
-0.016453
-0.014296
-0.015777
-0.013587
-0.015028
-0.012786
-0.014176
-0.011872
-0.013203
-0.010827
-0.012089
-0.009632
-0.010816
-0.008265
-0.009360
-0.006702
-0.007695
-0.004914
-0.005791
-0.002869
-0.003613
-0.000530
-0.001122
0.002144
0.001727
0.005203
0.004986
0.008702
0.008712
0.012703
0.012974
0.013945
0.011276
0.012331
0.009658
0.010645
0.007868
0.008746
0.005834
0.006580
0.003509
0.004104
0.000851
0.001273
-0.002190
-0.001965
-0.005666
-0.005669
-0.009643
-0.009904
-0.013142
-0.013087
-0.017008
-0.017418
-0.018830
-0.016667
-0.018196
-0.016082
-0.017605
-0.015466
-0.016954
-0.014770
-0.016215
-0.013976
-0.015370
-0.013069
-0.014403
-0.012031
-0.013298
-0.010845
-0.012034
-0.009487
-0.010588
-0.007935
-0.008935
-0.006160
-0.007044
-0.004129
-0.004881
-0.001807
-0.002407
0.000849
0.000422
0.003887
0.003657
0.007361
0.007358
0.011334
0.011590
0.012599
0.009972
0.011065
0.008436
0.009465
0.006739
0.007665
0.004810
0.005611
0.002605
0.003263
0.000084
0.000577
-0.002799
-0.002493
-0.006096
-0.006005
-0.009866
-0.010021
-0.014179
-0.014615
-0.016034
-0.013876
-0.015411
-0.013302
-0.014831
-0.012697
-0.014193
-0.012015
-0.013467
-0.011237
-0.012638
-0.010347
-0.011690
-0.009329
-0.010606
-0.008165
-0.009366
-0.006834
-0.007948
-0.005311
-0.006327
-0.003570
-0.004472
-0.001578
-0.002350
0.000700
0.000076
0.003305
0.002851
0.006285
0.006025
0.009692
0.009655
0.013508
0.013692
0.014830
0.012344
0.013561
0.011080
0.012246
0.009686
0.010768
0.008102
0.009082
0.006293
0.007155
0.004224
0.004951
0.001857
0.002430
-0.000849
-0.000452
-0.003944
-0.003749
-0.007483
-0.007519
-0.011531
-0.011830
-0.015013
-0.014891
-0.018730
-0.019134
-0.020830
-0.018985
-0.020806
-0.019036
-0.020885
-0.019136
-0.021004
-0.019274
-0.021165
-0.019462
-0.021385
-0.019721
-0.021691
-0.020084
-0.022121
-0.020596
-0.022732
-0.021325
-0.023604
-0.022370
-0.024858
-0.023874
-0.026664
-0.026045
-0.029274
-0.029185
-0.033053
-0.033267
-0.034974
-0.033122
-0.034925
-0.033130
-0.034954
-0.033172
-0.035002
-0.033226
-0.035061
-0.033290
-0.035131
-0.033367
-0.035216
-0.033463
-0.035324
-0.033586
-0.035465
-0.033748
-0.035653
-0.033967
-0.035910
-0.034269
-0.036266
-0.034691
-0.036768
-0.035289
-0.037480
-0.036140
-0.038499
-0.037360
-0.039961
-0.039115
-0.042070
-0.041650
-0.045118
-0.045168
-0.047393
-0.046133
-0.048605
-0.047611
-0.050391
-0.049761
-0.052976
-0.052871
-0.056213
-0.056264
-0.057774
-0.055692
-0.057280
-0.055227
-0.056806
-0.054730
-0.056281
-0.054169
-0.055685
-0.053529
-0.055003
-0.052796
-0.054223
-0.051959
-0.053330
-0.051001
-0.052310
-0.049905
-0.051143
-0.048652
-0.049808
-0.047219
-0.048282
-0.045580
-0.046536
-0.043705
-0.044539
-0.041561
-0.042255
-0.039109
-0.039643
-0.036304
-0.036655
-0.033096
-0.033239
-0.029428
-0.029331
-0.025232
-0.024861
-0.022742
-0.024106
-0.021736
-0.022837
-0.020170
-0.020920
-0.017833
-0.018078
-0.014382
-0.014048
-0.012306
-0.014094
-0.012223
-0.013920
-0.011969
-0.013581
-0.011534
-0.013032
-0.010848
-0.012183
-0.009801
-0.010897
-0.008227
-0.008977
-0.005889
-0.006135
-0.002440
-0.002350
-0.000069
-0.001249
0.001337
0.000495
0.003474
0.003101
0.006643
0.006765
0.008076
0.005786
0.007175
0.004902
0.006261
0.003937
0.005238
0.002842
0.004072
0.001590
0.002740
0.000160
0.001217
-0.001476
-0.000526
-0.003346
-0.002518
-0.005485
-0.004796
-0.007931
-0.007402
-0.010729
-0.010382
-0.013928
-0.013790
-0.017587
-0.017687
-0.021772
-0.022144
-0.024587
-0.023587
-0.026370
-0.025748
-0.028973
-0.028876
-0.032732
-0.033204
-0.034479
-0.032162
-0.033559
-0.031282
-0.032658
-0.030335
-0.031656
-0.029262
-0.030515
-0.028038
-0.029210
-0.026637
-0.027719
-0.025036
-0.026013
-0.023204
-0.024062
-0.021109
-0.021830
-0.018712
-0.019277
-0.015972
-0.016358
-0.012837
-0.013019
-0.009252
-0.009200
-0.006655
-0.007520
-0.004555
-0.004940
-0.001406
-0.001313
0.000176
-0.001914
-0.000346
-0.002404
-0.000845
-0.002927
-0.001398
-0.003518
-0.002027
-0.004192
-0.002745
-0.004963
-0.003565
-0.005844
-0.004504
-0.006851
-0.005577
-0.008003
-0.006804
-0.009321
-0.008207
-0.010827
-0.009812
-0.012550
-0.011647
-0.014520
-0.013745
-0.016773
-0.016145
-0.019349
-0.018889
-0.022295
-0.022027
-0.025665
-0.025616
-0.029518
-0.029720
-0.033925
-0.034414
-0.035949
-0.033918
-0.035578
-0.033609
-0.035278
-0.033304
-0.034959
-0.032964
-0.034598
-0.032577
-0.034186
-0.032135
-0.033715
-0.031629
-0.033175
-0.031049
-0.032559
-0.030387
-0.031853
-0.029629
-0.031046
-0.028763
-0.030123
-0.027771
-0.029067
-0.026637
-0.027859
-0.025340
-0.026477
-0.023856
-0.024896
-0.022159
-0.023088
-0.020217
-0.021021
-0.017997
-0.018655
-0.015458
-0.015950
-0.012553
-0.012856
-0.009231
-0.009318
-0.006773
-0.007639
-0.004671
-0.005048
-0.001501
-0.001502
-0.000395
-0.002921
-0.001757
-0.004293
-0.003190
-0.005815
-0.004806
-0.007547
-0.006649
-0.009525
-0.008756
-0.011787
-0.011165
-0.014374
-0.013921
-0.017332
-0.017071
-0.020714
-0.020675
-0.024583
-0.024795
-0.029007
-0.029508
-0.032446
-0.032029
-0.035503
-0.035703
-0.039911
-0.040616
-0.041592
-0.038951
-0.040071
-0.037460
-0.038530
-0.035832
-0.036804
-0.033984
-0.034838
-0.031873
-0.032589
-0.029458
-0.030018
-0.026697
-0.027077
-0.023539
-0.023713
-0.019927
-0.019866
-0.018618
-0.020979
-0.019666
-0.022021
-0.020750
-0.023169
-0.021967
-0.024472
-0.023355
-0.025961
-0.024941
-0.027664
-0.026754
-0.029611
-0.028828
-0.031837
-0.031199
-0.034383
-0.033910
-0.037294
-0.037011
-0.040623
-0.040557
-0.044430
-0.044612
-0.048784
-0.049250
-0.051411
-0.050075
-0.052448
-0.051321
-0.053926
-0.053069
-0.055997
-0.055528
-0.058922
-0.059015
-0.063085
-0.063690
-0.064512
-0.061686
-0.062634
-0.059813
-0.060688
-0.057750
-0.058500
-0.055405
-0.056003
-0.052725
-0.053149
-0.049661
-0.049885
-0.046156
-0.046152
-0.042608
-0.042527
-0.040328
-0.041585
-0.039075
-0.039990
-0.037082
-0.037524
-0.034048
-0.033988
-0.032644
-0.034888
-0.033472
-0.035697
-0.034309
-0.036581
-0.035245
-0.037583
-0.036311
-0.038726
-0.037529
-0.040034
-0.038922
-0.041529
-0.040514
-0.043239
-0.042335
-0.045193
-0.044417
-0.047428
-0.046798
-0.049984
-0.049520
-0.052907
-0.052633
-0.056249
-0.056193
-0.060071
-0.060264
-0.064442
-0.064919
-0.067185
-0.065963
-0.068462
-0.067479
-0.070250
-0.069587
-0.072741
-0.072538
-0.076246
-0.076711
-0.078711
-0.077200
-0.079361
-0.077975
-0.080261
-0.079013
-0.081460
-0.080404
-0.083082
-0.082303
-0.085314
-0.084938
-0.088434
-0.088641
-0.092539
-0.093054
-0.094071
-0.091451
-0.092589
-0.089985
-0.091070
-0.088377
-0.089365
-0.086550
-0.087420
-0.084462
-0.085197
-0.082075
-0.082654
-0.079344
-0.079745
-0.076220
-0.076418
-0.072648
-0.072612
-0.069498
-0.069668
-0.065847
-0.065662
-0.064568
-0.067079
-0.065903
-0.068404
-0.067282
-0.069864
-0.068830
-0.071523
-0.070596
-0.073417
-0.072613
-0.075582
-0.074919
-0.078058
-0.077556
-0.080889
-0.080572
-0.084126
-0.084020
-0.087828
-0.087963
-0.092061
-0.092472
-0.095224
-0.094564
-0.097726
-0.097531
-0.101241
-0.101701
-0.103649
-0.102067
-0.104153
-0.102668
-0.104826
-0.103415
-0.105655
-0.104341
-0.106698
-0.105523
-0.108047
-0.107075
-0.109842
-0.109163
-0.112283
-0.112029
-0.115662
-0.116026
-0.117996
-0.116432
-0.118535
-0.117068
-0.119243
-0.117849
-0.120109
-0.118815
-0.121194
-0.120043
-0.122594
-0.121651
-0.124450
-0.123808
-0.126969
-0.126763
-0.130450
-0.130876
-0.132053
-0.129602
-0.130897
-0.128469
-0.129729
-0.127234
-0.128420
-0.125832
-0.126928
-0.124230
-0.125223
-0.122398
-0.123271
-0.120303
-0.121039
-0.117905
-0.118485
-0.115163
-0.115564
-0.112026
-0.112223
-0.108438
-0.108401
-0.105724
-0.106397
-0.103166
-0.103225
-0.099463
-0.099334
-0.098303
-0.100878
-0.099772
-0.102344
-0.101301
-0.103963
-0.103019
-0.105804
-0.104978
-0.107906
-0.107217
-0.110309
-0.109776
-0.113057
-0.112703
-0.116198
-0.116049
-0.119790
-0.119875
-0.123898
-0.124251
-0.128595
-0.129254
-0.130789
-0.128745
-0.130426
-0.128447
-0.130142
-0.128159
-0.129840
-0.127838
-0.129500
-0.127473
-0.129111
-0.127055
-0.128665
-0.126575
-0.128155
-0.126027
-0.127570
-0.125399
-0.126901
-0.124679
-0.126135
-0.123856
-0.125257
-0.122914
-0.124254
-0.121835
-0.123105
-0.120601
-0.121790
-0.119189
-0.120285
-0.117573
-0.118564
-0.115724
-0.116594
-0.113609
-0.114341
-0.111189
-0.111763
-0.108420
-0.108814
-0.106109
-0.106743
-0.103457
-0.103795
-0.102600
-0.105011
-0.103798
-0.106233
-0.105081
-0.107597
-0.106530
-0.109151
-0.108184
-0.110926
-0.110074
-0.112954
-0.112235
-0.115273
-0.114705
-0.117925
-0.117529
-0.120956
-0.120758
-0.124422
-0.124449
-0.128385
-0.128670
-0.132916
-0.133496
-0.138097
-0.139015
-0.141506
-0.140539
-0.143308
-0.142615
-0.145690
-0.145356
-0.148860
-0.149039
-0.153161
-0.154085
-0.156291
-0.155015
-0.157426
-0.156306
-0.158866
-0.157908
-0.160657
-0.159924
-0.162942
-0.162532
-0.165940
-0.165999
-0.169972
-0.170712
-0.173509
-0.172882
-0.176044
-0.175814
-0.179441
-0.179765
-0.184055
-0.185177
-0.185465
-0.189719
-0.190330
-0.193258
-0.192778
-0.196109
-0.196078
-0.199939
-0.200541
-0.203000
-0.201978
-0.204663
-0.203858
-0.206785
-0.206260
-0.209522
-0.209398
-0.213142
-0.213600
-0.216675
-0.216360
-0.219884
-0.220082
-0.224214
-0.225140
-0.225266
-0.229326
-0.229767
-0.232371
-0.231497
-0.234345
-0.233726
-0.236869
-0.236598
-0.240159
-0.240389
-0.244553
-0.245423
-0.245190
-0.248817
-0.248855
-0.252785
-0.253090
-0.255847
-0.255142
-0.258184
-0.257792
-0.261204
-0.261250
-0.265187
-0.265830
-0.266260
-0.266526
-0.266852
-0.265914
-0.268650
-0.267816
-0.270682
-0.269978
-0.273001
-0.272448
-0.275651
-0.275270
-0.278681
-0.278496
-0.282144
-0.282185
-0.286103
-0.286401
-0.288317
-0.286625
-0.288643
-0.287016
-0.289076
-0.287487
-0.289580
-0.288029
-0.290158
-0.288648
-0.290818
-0.289356
-0.291571
-0.290163
-0.292431
-0.291085
-0.293412
-0.292138
-0.294534
-0.293341
-0.295815
-0.294716
-0.297278
-0.296286
-0.298952
-0.298084
-0.300899
-0.300209
-0.303239
-0.302808
-0.306149
-0.306093
-0.309885
-0.310371
-0.312454
-0.311014
-0.313300
-0.311996
-0.314376
-0.313163
-0.315625
-0.314506
-0.317056
-0.316042
-0.318692
-0.317797
-0.320570
-0.319822
-0.322772
-0.322236
-0.325442
-0.325214
-0.328790
-0.329008
-0.333119
-0.333984
-0.334308
-0.338555
-0.339208
-0.340396
-0.337919
-0.339239
-0.336771
-0.338056
-0.335517
-0.336728
-0.334093
-0.335212
-0.332465
-0.333478
-0.330602
-0.331493
-0.328469
-0.329222
-0.326029
-0.326622
-0.323237
-0.323647
-0.320042
-0.320243
-0.319159
-0.321620
-0.320430
-0.322810
-0.321558
-0.323872
-0.322547
-0.324773
-0.323343
-0.325443
-0.323859
-0.325774
-0.323966
-0.325609
-0.323475
-0.324991
-0.322707
-0.324170
-0.321822
-0.323226
-0.320807
-0.322145
-0.319645
-0.320907
-0.318314
-0.319488
-0.316790
-0.317864
-0.315044
-0.316005
-0.313047
-0.313877
-0.313061
-0.315849
-0.315055
-0.317897
-0.317192
-0.320145
-0.319576
-0.322694
-0.322325
-0.325681
-0.325538
-0.329166
-0.329251
-0.333151
-0.333495
-0.337706
-0.338346
-0.342913
-0.343892
-0.348866
-0.350232
-0.355148
-0.356743
-0.359466
-0.358759
-0.361770
-0.361294
-0.364521
-0.364283
-0.367790
-0.367885
-0.371791
-0.372367
-0.376851
-0.378121
-0.383442
-0.385547
-0.384272
-0.386790
-0.385751
-0.388432
-0.387538
-0.390348
-0.389597
-0.392543
-0.391953
-0.395053
-0.394646
-0.397934
-0.397755
-0.401315
-0.401462
-0.405415
-0.406036
-0.410558
-0.411863
-0.417210
-0.419405
-0.418235
-0.420855
-0.419930
-0.422727
-0.421962
-0.424904
-0.424301
-0.427398
-0.426978
-0.430248
-0.430036
-0.433542
-0.433614
-0.437460
-0.437941
-0.442279
-0.443352
-0.448403
-0.450335
-0.451961
-0.454774
-0.454138
-0.457231
-0.456823
-0.460116
-0.459927
-0.463450
-0.463533
-0.467380
-0.467855
-0.472171
-0.473210
-0.478206
-0.480063
-0.482265
-0.481021
-0.483561
-0.482509
-0.485198
-0.484280
-0.487094
-0.486317
-0.489264
-0.488645
-0.491744
-0.491306
-0.494577
-0.494345
-0.497813
-0.497818
-0.501550
-0.501871
-0.505982
-0.506759
-0.511419
-0.512858
-0.518313
-0.520710
-0.519954
-0.522959
-0.522466
-0.525698
-0.525424
-0.528860
-0.528820
-0.532483
-0.532712
-0.536697
-0.537315
-0.541766
-0.542944
-0.548068
-0.550058
-0.553095
-0.552778
-0.556200
-0.556174
-0.559856
-0.560108
-0.564110
-0.564741
-0.569195
-0.570371
-0.575480
-0.577443
-0.580887
-0.581016
-0.584881
-0.585375
-0.589660
-0.590631
-0.595486
-0.597140
-0.602814
-0.605454
-0.604790
-0.608031
-0.607807
-0.611311
-0.611343
-0.615089
-0.615401
-0.619447
-0.620116
-0.624591
-0.625777
-0.630872
-0.632804
-0.636996
-0.637939
-0.642747
-0.644352
-0.649946
-0.652482
-0.652508
-0.656228
-0.656556
-0.660610
-0.661291
-0.665763
-0.666938
-0.672001
-0.673886
-0.678568
-0.680034
-0.685448
-0.687762
-0.690297
-0.691190
-0.695922
-0.697365
-0.702739
-0.704646
-0.710077
-0.712294
-0.715211
-0.714715
-0.717981
-0.717732
-0.721230
-0.721225
-0.724955
-0.725223
-0.729214
-0.729792
-0.734106
-0.735072
-0.739849
-0.741374
-0.746821
-0.749154
-0.752577
-0.752711
-0.756577
-0.757049
-0.761237
-0.762056
-0.766643
-0.767934
-0.773087
-0.775058
-0.781027
-0.783982
-0.783674
-0.787414
-0.787760
-0.791832
-0.792511
-0.796915
-0.797980
-0.802844
-0.804461
-0.809988
-0.812402
-0.816589
-0.817560
-0.822312
-0.823825
-0.829219
-0.831477
-0.836761
-0.838915
-0.845077
-0.848261
-0.848226
-0.852409
-0.853283
-0.857896
-0.859217
-0.864363
-0.866313
-0.872211
-0.875066
-0.877682
-0.881862
-0.882771
-0.887413
-0.888773
-0.893953
-0.895939
-0.901870
-0.904758
-0.907623
-0.910555
-0.911370
-0.915884
-0.917102
-0.922094
-0.923853
-0.929492
-0.932024
-0.938212
-0.941196
-0.944058
-0.946588
-0.950789
-0.951655
-0.956238
-0.957508
-0.962544
-0.964346
-0.970020
-0.972589
-0.978784
-0.981994
-0.984711
-0.991473
-0.994867
-0.996043
-1.000950
-1.002655
-1.008194
-1.010608
-1.016997
-1.020246
-1.022874
-1.029510
-1.032751
-1.035428
-1.042119
-1.045409
-1.047899
-1.054358
-1.057455
-1.061127
-1.061518
-1.065631
-1.066361
-1.070821
-1.071929
-1.076757
-1.078297
-1.083604
-1.085720
-1.091717
-1.094665
-1.100630
-1.103576
-1.110097
-1.113701
-1.116359
-1.122986
-1.126726
-1.129174
-1.135539
-1.138643
-1.145290
-1.148864
-1.152075
-1.156740
-1.158204
-1.163381
-1.165363
-1.171165
-1.173879
-1.180560
-1.184330
-1.187328
