-1.194331
-0.000002
0.000017
-0.000130
0.001020
-0.007989
0.062562
-0.314863
0.056537
-0.327942
0.040822
-0.348009
0.021179
-0.371909
-0.001604
-0.399416
-0.027722
-0.134127
0.225418
-0.143561
0.222512
-0.141329
0.226825
-0.136310
0.233181
-0.130103
0.240718
-0.122915
0.249388
-0.114679
0.259314
-0.105256
0.270668
-0.094478
0.283654
-0.082152
0.298506
-0.068055
0.315492
-0.051933
0.334919
-0.033494
0.357137
-0.012406
0.382549
0.011712
0.393198
0.031896
0.141327
-0.216825
0.151710
-0.212726
0.150632
-0.215637
0.146945
-0.220384
0.142264
-0.226081
0.136823
-0.232647
0.130583
-0.240166
0.123444
-0.248768
0.115278
-0.258606
0.105940
-0.269858
0.095260
-0.282727
0.083045
-0.297445
0.069075
-0.314278
0.053098
-0.333529
0.034826
-0.355548
0.013928
-0.380730
-0.009972
-0.354017
-0.014998
-0.284595
0.051437
-0.337537
-0.009925
-0.256194
0.085174
-0.297090
0.038733
-0.351819
-0.017518
-0.117322
0.244872
-0.125558
0.244038
-0.120971
0.251309
-0.113071
0.261157
-0.103535
0.272710
-0.092533
0.285978
-0.079933
0.301162
-0.065519
0.318531
-0.049034
0.338395
-0.030180
0.361114
-0.008616
0.387098
0.016045
0.416816
0.044250
0.165145
-0.189122
0.177441
-0.181930
0.179771
-0.180579
0.180574
-0.179883
0.181295
-0.179062
0.182264
-0.177903
0.183658
-0.176222
0.185684
-0.173779
0.188631
-0.170225
0.192916
-0.165059
0.199146
-0.157548
0.208201
-0.146631
0.221363
-0.130764
0.240492
-0.107703
0.268293
-0.074189
0.308696
-0.025485
0.367411
0.005944
0.404918
0.033045
0.114763
-0.246791
0.124456
-0.245146
0.120056
-0.252376
0.112090
-0.262340
0.102424
-0.274055
0.091265
-0.287514
0.078482
-0.302919
0.063859
-0.320539
0.047135
-0.340692
0.028007
-0.363740
0.006132
-0.390101
-0.018887
-0.276595
0.061243
-0.325629
0.004476
-0.393037
-0.036009
-0.087133
0.277566
-0.096801
0.277998
-0.089174
0.289519
-0.076910
0.304739
-0.062215
0.322530
-0.045282
0.342951
-0.025891
0.366319
-0.003711
0.393048
0.021658
0.344758
0.018983
0.421748
0.049636
0.061809
-0.305059
0.072537
-0.306615
0.062318
-0.321736
0.046367
-0.341491
0.027317
-0.364547
0.005378
-0.391003
-0.019743
-0.298144
0.035721
-0.356199
-0.022161
-0.211379
0.137963
-0.233995
0.114563
-0.260501
0.083329
-0.297842
0.038448
-0.351890
-0.022312
-0.136162
0.223244
-0.145477
0.220263
-0.143441
0.224294
-0.138710
0.230293
-0.132845
0.237416
-0.126051
0.245612
-0.118265
0.254995
-0.109357
0.265729
-0.099168
0.278005
-0.087516
0.292045
-0.074189
0.308102
-0.058948
0.326467
-0.041517
0.347472
-0.021582
0.371494
0.001218
0.398968
0.027294
0.220620
-0.127240
0.246746
-0.099257
0.278934
-0.061108
0.324638
-0.006134
0.390861
0.040158
0.079851
-0.285401
0.089919
-0.286088
0.081579
-0.298614
0.068278
-0.315113
0.052354
-0.334390
0.034007
-0.356515
0.012999
-0.381834
-0.011033
-0.410793
-0.038519
-0.140425
0.217449
-0.151398
0.213013
-0.150410
0.215887
-0.146717
0.220655
-0.142008
0.226388
-0.136531
0.232998
-0.130250
0.240568
-0.123063
0.249227
-0.114842
0.259131
-0.105441
0.270459
-0.094689
0.283414
-0.082393
0.298231
-0.068329
0.315177
-0.052245
0.334558
-0.033850
0.356724
-0.012812
0.382075
0.011249
0.209132
-0.141269
0.229731
-0.119832
0.254080
-0.091109
0.288432
-0.049816
0.338163
0.008700
0.171024
-0.185078
0.179402
-0.180116
0.181557
-0.178490
0.183092
-0.176819
0.185030
-0.174515
0.187794
-0.171187
0.191804
-0.166353
0.197633
-0.159325
0.206106
-0.149110
0.218422
-0.134261
0.236323
-0.112681
0.262340
-0.081318
0.300150
-0.035738
0.355099
0.001827
0.119034
-0.244376
0.125041
-0.244939
0.119912
-0.252613
0.111773
-0.262701
0.102035
-0.274487
0.090817
-0.288014
0.077972
-0.303493
0.063279
-0.321198
0.046474
-0.341447
0.027254
-0.364607
0.005273
-0.391094
-0.019867
-0.421388
-0.048619
-0.209427
0.138881
-0.233514
0.114891
-0.260206
0.083654
-0.297451
0.038929
-0.351294
-0.025943
-0.421699
-0.055658
-0.086870
0.276310
-0.099006
0.275054
-0.092169
0.285877
-0.080425
0.300520
-0.066249
0.317694
-0.049897
0.337417
-0.031168
0.359988
-0.009744
0.385806
0.014760
0.189088
-0.164536
0.202098
-0.152948
0.214263
-0.139044
0.230692
-0.119379
0.254339
-0.090899
0.288662
-0.049527
0.338536
0.007357
0.180506
-0.174481
0.190290
-0.167106
0.197229
-0.159562
0.205966
-0.149181
0.218415
-0.134200
0.236463
-0.112447
0.262686
-0.080836
0.300795
-0.034897
0.356178
0.008606
0.091420
-0.274877
0.097712
-0.277300
0.089465
-0.289161
0.077107
-0.304416
0.062420
-0.322182
0.045518
-0.342561
0.026168
-0.365880
0.004034
-0.392551
-0.021281
-0.423056
-0.050233
-0.215883
0.131502
-0.242216
0.104494
-0.272687
0.068641
-0.315524
0.017167
-0.377507
-0.042320
-0.202469
0.146946
-0.223910
0.126438
-0.246276
0.100471
-0.277146
0.063442
-0.321705
0.009762
-0.386405
-0.037615
-0.140607
0.217139
-0.151804
0.212545
-0.150910
0.215328
-0.147293
0.220010
-0.142665
0.225646
-0.137279
0.232147
-0.131102
0.239592
-0.124034
0.248108
-0.115950
0.257849
-0.106704
0.268989
-0.096130
0.281730
-0.084037
0.296302
-0.070206
0.312968
-0.054388
0.332028
-0.036297
0.353828
-0.015607
0.378760
0.008056
0.316486
-0.014264
0.381805
0.024538
0.116548
-0.245243
0.125504
-0.243962
0.121069
-0.251132
0.113216
-0.260940
0.103708
-0.272461
0.092735
-0.285694
0.080167
-0.300840
0.065789
-0.318164
0.049346
-0.337978
0.030539
-0.360640
0.009030
-0.386557
-0.015569
-0.416199
-0.043702
-0.126810
0.232418
-0.138122
0.228778
-0.135659
0.233666
-0.129925
0.240939
-0.122815
0.249574
-0.114579
0.259511
-0.105140
0.270887
-0.094341
0.283899
-0.081990
0.298782
-0.067865
0.315804
-0.051709
0.335271
-0.033233
0.357536
-0.012101
0.383000
0.012066
0.187897
-0.166072
0.200223
-0.155202
0.211567
-0.142267
0.226837
-0.123996
0.248804
-0.097538
0.280690
-0.059105
0.327022
-0.003254
0.299247
-0.034630
0.357457
0.013043
0.099117
-0.265717
0.106330
-0.266928
0.099286
-0.277317
0.088334
-0.290875
0.075260
-0.306696
0.060203
-0.324851
0.042964
-0.345626
0.023244
-0.369388
0.000690
-0.396565
-0.025104
-0.427647
-0.054605
-0.157645
0.196789
-0.171089
0.189387
-0.172925
0.188861
-0.172459
0.189740
-0.171442
0.191026
-0.170187
0.192548
-0.168734
0.194300
-0.167069
0.196305
-0.165165
0.198599
-0.162987
0.201223
-0.160496
0.204224
-0.157647
0.207656
-0.154389
0.211581
-0.150662
0.216070
-0.146401
0.221204
-0.141527
0.227077
-0.135953
0.233793
-0.129578
0.241474
-0.122287
0.250258
-0.113949
0.260306
-0.104413
0.271796
-0.093507
0.284938
-0.081033
0.299969
-0.066768
0.317159
-0.050452
0.336819
-0.031793
0.359305
-0.010452
0.297262
-0.037484
0.353787
0.001108
0.130301
-0.231622
0.136595
-0.231133
0.132876
-0.236969
0.126557
-0.244839
0.118938
-0.254067
0.110150
-0.264663
0.100086
-0.276790
0.088574
-0.290661
0.075407
-0.306526
0.060348
-0.324670
0.043125
-0.345422
0.023429
-0.369156
0.000902
-0.396300
-0.024861
-0.427345
-0.054327
-0.162889
0.190909
-0.176422
0.183055
-0.178897
0.181691
-0.179265
0.181554
-0.179220
0.181664
-0.179081
0.181842
-0.178905
0.182055
-0.178701
0.182300
-0.178467
0.182581
-0.178199
0.182902
-0.177893
0.183270
-0.177543
0.183691
-0.177143
0.184172
-0.176685
0.184722
-0.176162
0.185351
-0.175564
0.186071
-0.174879
0.186895
-0.174097
0.187836
-0.173202
0.188913
-0.172179
0.190145
-0.171008
0.191555
-0.169670
0.193166
-0.168140
0.195009
-0.166389
0.197118
-0.164387
0.199529
-0.162098
0.202286
-0.159480
0.205440
-0.156485
0.209048
-0.153061
0.213173
-0.149144
0.217892
-0.144665
0.223288
-0.139542
0.229460
-0.133684
0.236519
-0.126983
0.244592
-0.119320
0.253826
-0.110556
0.264386
-0.100533
0.276463
-0.089070
0.290276
-0.075960
0.306074
-0.060966
0.324142
-0.043818
0.344806
-0.024205
0.368439
-0.001775
0.156322
-0.202784
0.162493
-0.200425
0.161763
-0.202269
0.159454
-0.205232
0.156535
-0.208782
0.153143
-0.212873
0.149254
-0.217558
0.144805
-0.222918
0.139716
-0.229047
0.133896
-0.236058
0.127240
-0.244076
0.119628
-0.253246
0.110923
-0.263734
0.100966
-0.275730
0.089580
-0.289449
0.076557
-0.305140
0.061664
-0.323085
0.044630
-0.343609
0.025150
-0.367082
0.002870
-0.393929
-0.022610
-0.424633
-0.051752
-0.135597
0.221888
-0.148150
0.216749
-0.147121
0.219908
-0.143029
0.225202
-0.137798
0.231574
-0.131711
0.238921
-0.124730
0.247335
-0.116742
0.256960
-0.107606
0.267969
-0.097157
0.280560
-0.085207
0.294960
-0.071540
0.311430
-0.055909
0.330266
-0.038032
0.351808
-0.017586
0.376446
0.005797
0.167220
-0.189845
0.174625
-0.185817
0.175578
-0.185600
0.175244
-0.186176
0.174593
-0.186991
0.173797
-0.187952
0.172878
-0.189058
0.171825
-0.190324
0.170621
-0.191772
0.169244
-0.193428
0.167669
-0.195323
0.165868
-0.197489
0.163809
-0.199968
0.161454
-0.202803
0.158761
-0.206045
0.155681
-0.209753
0.152159
-0.213994
0.148130
-0.218845
0.143524
-0.224394
0.138255
-0.230739
0.132230
-0.237996
0.125340
-0.246297
0.117459
-0.255790
0.108447
-0.266648
0.098140
-0.279066
0.086352
-0.293268
0.072870
-0.309511
0.057452
-0.328089
0.039818
-0.349335
0.019651
-0.373636
-0.003414
-0.401428
-0.029792
-0.236618
0.108417
-0.269116
0.072531
-0.310939
0.022726
-0.370715
-0.034485
-0.148866
0.208105
-0.159984
0.202973
-0.160018
0.204515
-0.157654
0.207663
-0.154497
0.211523
-0.150801
0.215988
-0.146557
0.221104
-0.141701
0.226956
-0.136146
0.233650
-0.129792
0.241306
-0.122526
0.250061
-0.114216
0.260075
-0.104712
0.271528
-0.093842
0.284626
-0.081411
0.299607
-0.067193
0.316740
-0.050933
0.336335
-0.032336
0.358746
-0.011067
0.384376
0.013258
0.227120
-0.119732
0.255762
-0.088306
0.292276
-0.044864
0.344394
0.012284
0.172175
-0.183311
0.181040
-0.177900
0.184461
-0.174764
0.187807
-0.170912
0.192372
-0.165440
0.198955
-0.157508
0.208518
-0.145979
0.222418
-0.129221
0.242623
-0.104863
0.271989
-0.069461
0.314670
-0.018011
0.376698
0.010512
0.079605
-0.288027
0.085681
-0.291432
0.075997
-0.305164
0.061771
-0.322698
0.044903
-0.343095
0.025499
-0.366489
0.003287
-0.393256
-0.022122
-0.423873
-0.051181
-0.216069
0.131391
-0.242164
0.104743
-0.272184
0.069451
-0.314340
0.018799
-0.375330
-0.042166
-0.210829
0.137711
-0.234542
0.113937
-0.261095
0.082824
-0.298214
0.038245
-0.351882
-0.026419
-0.268518
0.070494
-0.314553
0.017918
-0.376664
-0.038697
-0.106932
0.255075
-0.117608
0.253405
-0.112607
0.261589
-0.103627
0.272820
-0.092740
0.286017
-0.080172
0.301178
-0.065776
0.318530
-0.049307
0.338377
-0.030471
0.361076
-0.008928
0.387037
0.015710
0.330326
0.002561
0.402308
0.037537
0.091086
-0.272768
0.101050
-0.272616
0.094001
-0.283395
0.082443
-0.297754
0.068562
-0.314559
0.052563
-0.333852
0.034240
-0.355931
0.013282
-0.381185
-0.010690
-0.410069
-0.038105
-0.138526
0.219872
-0.149382
0.215725
-0.148116
0.218964
-0.144078
0.224157
-0.138969
0.230375
-0.133033
0.237540
-0.126227
0.245745
-0.118440
0.255130
-0.109533
0.265864
-0.099346
0.278141
-0.087696
0.292181
-0.074371
0.308239
-0.059132
0.326605
-0.041703
0.347609
-0.021770
0.371631
0.001028
0.399105
0.027101
0.097090
-0.266973
0.105584
-0.267386
0.098746
-0.277671
0.087790
-0.291259
0.074667
-0.307144
0.059545
-0.325376
0.042230
-0.346241
0.022423
-0.370106
-0.000230
-0.397401
-0.026138
-0.323822
0.005521
-0.392055
-0.040993
-0.141242
0.216339
-0.152968
0.211406
-0.152304
0.213971
-0.148881
0.218432
-0.144461
0.223823
-0.139311
0.230042
-0.133402
0.237166
-0.126641
0.245315
-0.118908
0.254635
-0.110064
0.265294
-0.099948
0.277485
-0.088379
0.291428
-0.075148
0.307374
-0.060016
0.325611
-0.042709
0.346469
-0.022915
0.370323
-0.000277
0.397605
0.025614
0.100922
-0.262715
0.109321
-0.262893
0.102902
-0.272605
0.092525
-0.285482
0.080082
-0.300543
0.065743
-0.317831
0.049323
-0.337616
0.030541
-0.360246
0.009059
-0.386128
-0.015509
-0.415730
-0.043607
-0.141869
0.215763
-0.153504
0.210863
-0.152878
0.213368
-0.149524
0.217742
-0.145190
0.223030
-0.140138
0.229131
-0.134343
0.236119
-0.127711
0.244113
-0.120126
0.253256
-0.111450
0.263712
-0.101528
0.275671
-0.090180
0.289348
-0.077202
0.304990
-0.062358
0.322880
-0.045382
0.343340
-0.025966
0.366740
-0.003760
0.385353
0.018364
0.113835
-0.248597
0.121721
-0.248154
0.116641
-0.256010
0.108159
-0.266556
0.097953
-0.278912
0.086185
-0.293099
0.072709
-0.309335
0.057293
-0.327907
0.039663
-0.349148
0.019499
-0.373442
-0.003562
-0.401227
-0.029936
-0.318241
0.012205
-0.383902
-0.040438
-0.169631
0.184501
-0.182035
0.176999
-0.184925
0.174943
-0.186793
0.172957
-0.189073
0.170259
-0.192302
0.166376
-0.196977
0.160745
-0.203763
0.152565
-0.213621
0.140683
-0.227943
0.123421
-0.248751
0.098339
-0.278985
0.061894
-0.322916
0.008938
-0.386753
-0.021417
-0.170706
0.185161
-0.180300
0.179488
-0.182345
0.178150
-0.182995
0.177582
-0.183454
0.177071
-0.184052
0.176360
-0.184903
0.175337
-0.186134
0.173855
-0.187918
0.171706
-0.190507
0.168587
-0.194265
0.164059
-0.199722
0.157483
-0.207647
0.147930
-0.219160
0.134054
-0.235886
0.113893
-0.260187
0.084600
-0.295497
0.042037
-0.346805
-0.004992
-0.222496
0.126037
-0.247268
0.099418
-0.277966
0.063017
-0.321589
0.010545
-0.334160
-0.005122
-0.151038
0.208243
-0.158800
0.205317
-0.157942
0.207583
-0.155117
0.211222
-0.151538
0.215582
-0.147378
0.220607
-0.142608
0.226359
-0.137151
0.232940
-0.130908
0.240466
-0.123768
0.249074
-0.115601
0.258918
-0.106262
0.270177
-0.095580
0.283053
-0.083362
0.297779
-0.069389
0.314621
-0.053409
0.333883
-0.035131
0.355912
-0.014228
0.381106
0.009680
0.409920
0.037023
0.211890
-0.136323
0.236954
-0.110126
0.266712
-0.074996
0.308730
-0.024481
0.369573
0.033401
0.174205
-0.178787
0.187099
-0.169701
0.195101
-0.161256
0.204742
-0.149851
0.218396
-0.133429
0.238180
-0.109582
0.266931
-0.074922
0.308722
-0.024543
0.369463
0.009077
0.228027
-0.117989
0.258587
-0.084200
0.297936
-0.037330
0.354191
0.012214
0.131135
-0.229056
0.138966
-0.227291
0.135905
-0.232440
0.130128
-0.239672
0.123089
-0.248198
0.114959
-0.257996
0.105645
-0.269212
0.094991
-0.282042
0.082806
-0.296717
0.068872
-0.313501
0.052935
-0.332697
0.034709
-0.354651
0.013865
-0.379761
-0.009973
-0.408480
-0.037236
-0.244241
0.100002
-0.278367
0.062223
-0.322485
0.009666
-0.385574
-0.047142
-0.127570
0.231737
-0.139737
0.227691
-0.137589
0.232327
-0.132091
0.239346
-0.125228
0.247696
-0.117270
0.257306
-0.108147
0.268309
-0.097710
0.280894
-0.085771
0.295287
-0.072116
0.311749
-0.056499
0.330575
-0.038637
0.352106
-0.018209
0.376730
0.005156
0.254557
-0.086526
0.296445
-0.038433
0.353327
0.009324
0.148909
-0.208989
0.156814
-0.205813
0.155863
-0.208162
0.152884
-0.211971
0.149118
-0.216541
0.144743
-0.221809
0.139729
-0.227841
0.133992
-0.234743
0.127431
-0.242637
0.119929
-0.251667
0.111349
-0.261994
0.101537
-0.273806
0.090316
-0.287316
0.077484
-0.302769
0.062809
-0.320442
0.046026
-0.340655
0.026833
-0.363773
0.004882
-0.390214
-0.020221
-0.420455
-0.048931
-0.153425
0.203054
-0.165959
0.196867
-0.166923
0.197422
-0.165497
0.199474
-0.163386
0.202088
-0.160881
0.205127
-0.157998
0.208613
-0.154698
0.212600
-0.150921
0.217160
-0.146602
0.222375
-0.141661
0.228338
-0.136010
0.235158
-0.129546
0.242957
-0.122152
0.251877
-0.113695
0.262077
-0.104023
0.273743
-0.092960
0.287084
-0.080307
0.302342
-0.065835
0.319791
-0.049284
0.339747
-0.030353
0.362569
-0.008701
0.254458
-0.086541
0.296737
-0.037684
0.354660
-0.000058
0.110700
-0.252558
0.116395
-0.253628
0.110289
-0.262493
0.100914
-0.274066
0.089738
-0.287573
0.076872
-0.303073
0.062142
-0.320811
0.045294
-0.341100
0.026025
-0.364307
0.003988
-0.390848
-0.021214
-0.421205
-0.050035
-0.293841
0.041745
-0.347413
-0.020078
-0.420801
-0.070460
-0.097634
0.264102
-0.111963
0.261096
-0.107001
0.269845
-0.097285
0.282090
-0.085408
0.296514
-0.071679
0.313089
-0.055950
0.332060
-0.037954
0.353758
-0.017371
0.378574
0.006170
0.124743
-0.236101
0.131298
-0.235485
0.127134
-0.241883
0.120159
-0.250536
0.111764
-0.260685
0.102084
-0.272341
0.091000
-0.285682
0.078322
-0.300943
0.063823
-0.318398
0.047242
-0.338362
0.028279
-0.361196
0.006593
-0.387312
-0.018207
-0.417182
-0.046570
-0.216066
0.133536
-0.237262
0.112701
-0.260462
0.085621
-0.292743
0.046877
-0.339369
-0.009294
-0.407055
-0.060528
-0.082179
0.282626
-0.094825
0.282083
-0.087476
0.293797
-0.074943
0.309454
-0.059829
0.327785
-0.042395
0.348828
-0.022428
0.372909
0.000415
0.354421
0.008085
0.219960
-0.125781
0.251067
-0.091524
0.290802
-0.044218
0.347559
0.006049
0.134411
-0.224441
0.141641
-0.222550
0.138859
-0.227187
0.133582
-0.233771
0.127151
-0.241546
0.119722
-0.250485
0.111212
-0.260718
0.101479
-0.272425
0.090349
-0.285815
0.077620
-0.301131
0.063065
-0.318649
0.046420
-0.338686
0.027385
-0.361603
0.005616
-0.387814
-0.019279
-0.417793
-0.047749
-0.226578
0.122224
-0.249871
0.098286
-0.277086
0.066259
-0.315376
0.020253
-0.370760
-0.046478
-0.200091
0.151144
-0.216087
0.138578
-0.228583
0.124782
-0.244711
0.105584
-0.267747
0.077868
-0.301122
0.037653
-0.349578
-0.020749
-0.389783
-0.051550
-0.101619
0.261919
-0.113799
0.260425
-0.108511
0.269361
-0.098828
0.281532
-0.087066
0.295818
-0.073484
0.312225
-0.057924
0.331000
-0.040122
0.352473
-0.019760
0.377032
0.003529
0.311417
-0.016959
0.382059
0.018516
0.109417
-0.251102
0.117573
-0.250125
0.112246
-0.258218
0.103372
-0.269208
0.092695
-0.282106
0.080386
-0.296922
0.066292
-0.313880
0.050171
-0.333278
0.031735
-0.355466
0.010652
-0.380845
-0.013458
-0.409871
-0.041029
-0.275181
0.065910
-0.316186
0.019498
-0.370971
-0.045974
-0.194820
0.158246
-0.208613
0.148429
-0.215753
0.141136
-0.224039
0.131405
-0.235660
0.117457
-0.252434
0.097260
-0.276755
0.067957
-0.312053
0.025418
-0.363304
-0.036354
-0.197033
0.156360
-0.210299
0.146743
-0.217475
0.139325
-0.225947
0.129356
-0.237859
0.115054
-0.255059
0.094344
-0.279997
0.064298
-0.316189
0.020683
-0.368736
-0.042651
-0.117657
0.245142
-0.129581
0.242866
-0.126006
0.249528
-0.118666
0.258844
-0.109656
0.269815
-0.099233
0.282421
-0.087289
0.296847
-0.073622
0.313346
-0.057989
0.332215
-0.040107
0.353793
-0.019654
0.378468
0.003740
0.267692
-0.067348
0.323175
-0.005935
0.376207
0.012892
0.103108
-0.257471
0.110525
-0.257134
0.104309
-0.266244
0.094403
-0.278456
0.082544
-0.292766
0.068884
-0.309198
0.053245
-0.328006
0.035358
-0.349521
0.014903
-0.374131
-0.008488
-0.402279
-0.035237
-0.434475
-0.065825
-0.153585
0.204394
-0.168019
0.197821
-0.169412
0.198255
-0.168149
0.200207
-0.166164
0.202711
-0.163790
0.205624
-0.161053
0.208964
-0.157917
0.212783
-0.154327
0.217148
-0.150218
0.222139
-0.145515
0.227845
-0.140135
0.234368
-0.133978
0.241827
-0.126935
0.250354
-0.118876
0.260105
-0.109657
0.271253
-0.099110
0.284002
-0.087046
0.298579
-0.073245
0.315249
-0.057459
0.334310
-0.039401
0.270552
-0.063487
0.328644
-0.033780
0.119466
-0.241069
0.121309
-0.243505
0.115222
-0.251682
0.106702
-0.262067
0.096664
-0.274142
0.085130
-0.287992
0.071933
-0.303843
0.056842
-0.321975
0.039586
-0.342717
0.019855
-0.366441
-0.002708
-0.393578
-0.028507
-0.424617
-0.058010
-0.460119
-0.091748
-0.249063
0.096603
-0.276842
0.069339
-0.307589
0.033462
-0.350405
-0.017917
-0.412214
-0.092373
-0.220580
0.127598
-0.241122
0.112016
-0.256023
0.095819
-0.274941
0.073364
-0.301857
0.041001
-0.340798
-0.005909
-0.397287
-0.073987
-0.279717
0.062713
-0.316165
0.022943
-0.362703
-0.032360
-0.429058
-0.112193
-0.028755
-0.425408
-0.061070
-0.292878
0.048066
-0.333078
0.003084
-0.386138
-0.060213
-0.245900
0.102193
-0.268516
0.080586
-0.292718
0.052498
-0.326190
0.012369
-0.374442
-0.045742
-0.307495
0.031479
-0.352424
-0.019774
-0.413234
-0.092521
-0.012607
-0.406008
-0.044160
-0.260412
0.087465
-0.284821
0.061932
-0.314348
0.027091
-0.356063
-0.023037
-0.416379
-0.087001
0.023270
-0.362660
-0.003789
-0.392978
-0.030565
-0.275682
0.070553
-0.304267
0.039171
-0.341111
-0.004645
-0.393687
-0.064325
-0.042936
-0.026607
-0.032638
0.093777
-0.273545
0.083375
-0.286644
0.070401
-0.302306
0.055365
-0.320366
0.038135
-0.341053
0.018428
-0.364722
-0.004105
-0.391798
-0.029869
-0.191550
0.169172
-0.201818
0.162740
-0.205999
0.158897
-0.209351
0.155141
-0.212912
0.150962
-0.216929
0.146202
-0.221508
0.140758
-0.226738
0.134530
-0.232715
0.127403
-0.239545
0.119249
-0.247351
0.109920
-0.256273
0.099247
-0.266634
0.086840
-0.281511
0.068954
-0.302998
0.043091
-0.334096
0.005637
-0.379161
-0.048662
-0.208232
0.143981
-0.228631
0.130439
-0.238053
0.121278
-0.246202
0.111939
-0.255023
0.101468
-0.265013
0.089529
-0.277309
0.074789
-0.294991
0.053523
-0.320544
0.022759
-0.357539
-0.021805
-0.411163
-0.086423
-0.032463
-0.424713
-0.065242
-0.118856
0.247772
-0.132007
0.246813
-0.128553
0.253921
-0.121112
0.263508
-0.111939
0.274740
-0.101320
0.287631
-0.089147
0.302378
-0.075215
0.319239
-0.059277
0.338517
-0.041044
0.360559
-0.020187
0.108413
-0.246097
0.119032
-0.237976
0.125172
-0.231374
0.132503
-0.222626
0.142986
-0.209947
0.158315
-0.191407
0.180734
-0.164321
0.213465
-0.151654
0.228458
-0.146298
0.234775
-0.140431
0.241888
-0.133765
0.249998
-0.126145
0.259264
-0.117426
0.269854
-0.107449
0.281959
-0.096034
0.295797
-0.082973
0.081591
-0.278812
0.079362
-0.284222
0.070544
-0.295266
0.056847
-0.311767
0.036928
-0.335686
0.014305
-0.362809
-0.008429
-0.390045
-0.034355
-0.421151
-0.063982
-0.456722
-0.097851
-0.497408
-0.136574
-0.491642
-0.159544
-0.272223
0.070658
-0.301054
0.047571
-0.322690
0.023819
-0.350722
-0.009498
-0.390662
-0.057525
-0.448393
-0.127077
-0.532062
-0.210451
0.127465
-0.251792
0.103898
-0.268149
0.089464
-0.281009
0.075066
-0.294605
0.058988
-0.309939
0.040669
-0.328847
0.017996
-0.356035
-0.014715
-0.395323
-0.062032
-0.452201
-0.130569
-0.534635
-0.219528
0.117023
-0.262023
0.092536
-0.279763
0.076543
-0.294212
0.060258
-0.309626
0.042001
-0.327038
0.021188
-0.350626
-0.007149
-0.384629
-0.048085
-0.433809
-0.107333
-0.505042
-0.193186
-0.162660
-0.281293
0.063581
-0.309235
0.040759
-0.329264
0.018843
-0.352230
-0.008332
-0.384754
-0.047405
-0.431666
-0.103903
-0.499573
-0.185740
-0.220120
0.124353
-0.254040
0.105280
-0.268897
0.091754
-0.281350
0.077688
-0.294725
0.061859
-0.309849
0.043802
-0.327105
0.023156
-0.346822
-0.000456
-0.373152
-0.032093
-0.411103
-0.077786
-0.465983
-0.143911
-0.545463
-0.239713
0.075635
-0.300543
0.049292
-0.323221
0.027430
-0.343610
0.004026
-0.366265
-0.022933
-0.398539
-0.061730
-0.445099
-0.117808
-0.512467
-0.198998
-0.303642
0.031671
-0.342167
0.002549
-0.368151
-0.025243
-0.400148
-0.063089
-0.445470
-0.117556
-0.510872
-0.196352
-0.344420
-0.012835
-0.386512
-0.049392
-0.428485
-0.097184
-0.485512
-0.165374
-0.567376
-0.263957
0.066349
-0.324057
0.022387
-0.350392
-0.003268
-0.374607
-0.031150
-0.404593
-0.066953
-0.447494
-0.118571
-0.509456
-0.193233
-0.419213
-0.094253
-0.480857
-0.160446
-0.559440
-0.253589
-0.002615
-0.371967
-0.032848
-0.405406
-0.068117
-0.447169
-0.117463
-0.506290
-0.188526
-0.468188
-0.146592
-0.541393
-0.231478
-0.253424
-0.089306
-0.473181
-0.144323
-0.537392
-0.190753
-0.543063
-0.221672
-0.291715
0.049525
-0.326545
0.024854
-0.349726
0.000479
-0.373036
-0.026788
-0.399067
-0.057855
-0.431340
-0.096582
-0.477741
-0.152460
-0.544786
-0.233269
-0.342289
-0.013354
-0.386669
-0.047160
-0.418859
-0.081887
-0.458721
-0.129098
-0.515274
-0.197098
-0.596881
-0.295453
0.030791
-0.373996
-0.034604
-0.407215
-0.067937
-0.440376
-0.106464
-0.486442
-0.161695
-0.552669
-0.241473
-0.418678
-0.097095
-0.475233
-0.151251
-0.539386
-0.225777
-0.528424
-0.215461
-0.616212
-0.318373
0.003532
-0.418283
-0.087401
-0.461321
-0.132126
-0.514599
-0.194938
-0.589880
-0.285427
-0.261614
-0.418041
-0.090855
-0.464207
-0.136030
-0.517942
-0.198692
-0.593019
-0.288800
-0.286560
-0.293178
-0.081542
-0.451320
-0.121853
-0.499186
-0.175918
-0.563897
-0.253222
-0.618806
-0.298352
-0.286243
-0.252968
-0.420101
-0.086564
-0.458373
-0.126932
-0.503592
-0.180205
-0.567401
-0.256898
-0.619482
-0.321080
-0.271614
-0.676217
-0.339418
-0.117658
-0.490621
-0.170534
-0.553889
-0.241444
-0.638904
-0.324906
-0.262767
-0.663596
-0.324088
-0.267745
-0.669075
-0.329018
-0.248945
-0.645927
-0.309649
-0.367238
-0.039130
-0.411291
-0.072964
-0.446071
-0.110789
-0.482743
-0.154025
-0.530714
-0.211611
-0.599691
-0.294755
-0.596482
-0.294608
-0.652112
-0.360422
-0.265815
-0.662719
-0.373966
-0.244750
-0.636569
-0.310359
-0.664692
-0.357416
-0.321108
-0.466524
-0.146349
-0.517748
-0.198198
-0.580192
-0.271441
-0.668040
-0.377001
-0.299825
